OID_,NAME,ZONE_CODE,Soil_10_40_COUNT,Soil_10_40_AREA,Soil_10_40_MIN,Soil_10_40_MAX,Soil_10_40_RANGE,Soil_10_40_MEAN,Soil_10_40_STD,Soil_10_40_SUM,Soil_10_40_VARIETY,Soil_10_40_MAJORITY,Soil_10_40_MINORITY,Soil_10_40_MEDIAN,Soil_10_40_PCT90,Date,Soil_10_40_Year,Soil_10_40_Month,MERGE_SRC
1,Nekatambe,1,4.000000000000000,0.039999999999995,3002,3657,655,3332.500000000000000,317.671607166898000,13330.000000000000000,4,3002,3002,3028,3657,1501,15,1,C:\Users\kem99059\Desktop\Zambezi\Climate\SoilMoisture\10to40\10_40Clip\10to40.gdb\tavg_1501_WMA
2,Nemananga,2,2.000000000000000,0.019999999999998,3001,3111,110,3056.000000000000000,55.000000000000000,6112.000000000000000,2,3001,3001,3001,3111,1501,15,1,C:\Users\kem99059\Desktop\Zambezi\Climate\SoilMoisture\10to40\10_40Clip\10to40.gdb\tavg_1501_WMA
3,Sidinda,3,6.000000000000000,0.059999999999993,2984,3653,669,3345.166666666670000,299.272126258954000,20071.000000000000000,6,2984,2984,3101,3653,1501,15,1,C:\Users\kem99059\Desktop\Zambezi\Climate\SoilMoisture\10to40\10_40Clip\10to40.gdb\tavg_1501_WMA
4,Simangani,4,5.000000000000000,0.049999999999994,2863,3646,783,3355.000000000000000,328.637794539825000,16775.000000000000000,5,2863,2863,3581,3646,1501,15,1,C:\Users\kem99059\Desktop\Zambezi\Climate\SoilMoisture\10to40\10_40Clip\10to40.gdb\tavg_1501_WMA
5,Unknown 16,5,1.000000000000000,0.009999999999999,3011,3011,0,3011.000000000000000,0.000000000000000,3011.000000000000000,1,3011,3011,3011,3011,1501,15,1,C:\Users\kem99059\Desktop\Zambezi\Climate\SoilMoisture\10to40\10_40Clip\10to40.gdb\tavg_1501_WMA
6,Chidobe,6,1.000000000000000,0.009999999999999,3136,3136,0,3136.000000000000000,0.000000000000000,3136.000000000000000,1,3136,3136,3136,3136,1501,15,1,C:\Users\kem99059\Desktop\Zambezi\Climate\SoilMoisture\10to40\10_40Clip\10to40.gdb\tavg_1501_WMA
7,Jambezi,7,2.000000000000000,0.019999999999998,3093,3094,1,3093.500000000000000,0.500000000000000,6187.000000000000000,2,3093,3093,3093,3094,1501,15,1,C:\Users\kem99059\Desktop\Zambezi\Climate\SoilMoisture\10to40\10_40Clip\10to40.gdb\tavg_1501_WMA
8,Kachecheti,8,2.000000000000000,0.019999999999998,3123,3134,11,3128.500000000000000,5.500000000000000,6257.000000000000000,2,3123,3123,3123,3134,1501,15,1,C:\Users\kem99059\Desktop\Zambezi\Climate\SoilMoisture\10to40\10_40Clip\10to40.gdb\tavg_1501_WMA
9,Mabale,9,1.000000000000000,0.009999999999999,3028,3028,0,3028.000000000000000,0.000000000000000,3028.000000000000000,1,3028,3028,3028,3028,1501,15,1,C:\Users\kem99059\Desktop\Zambezi\Climate\SoilMoisture\10to40\10_40Clip\10to40.gdb\tavg_1501_WMA
10,Nekatambe,1,4.000000000000000,0.039999999999995,2779,3609,830,3201.750000000000000,388.320341342042000,12807.000000000000000,4,2779,2779,2850,3609,1502,15,2,C:\Users\kem99059\Desktop\Zambezi\Climate\SoilMoisture\10to40\10_40Clip\10to40.gdb\tavg_1502_WMA
11,Nemananga,2,2.000000000000000,0.019999999999998,2657,2860,203,2758.500000000000000,101.500000000000000,5517.000000000000000,2,2657,2657,2657,2860,1502,15,2,C:\Users\kem99059\Desktop\Zambezi\Climate\SoilMoisture\10to40\10_40Clip\10to40.gdb\tavg_1502_WMA
12,Sidinda,3,6.000000000000000,0.059999999999993,2633,3546,913,3118.000000000000000,384.981817752475000,18708.000000000000000,6,2633,2633,2796,3546,1502,15,2,C:\Users\kem99059\Desktop\Zambezi\Climate\SoilMoisture\10to40\10_40Clip\10to40.gdb\tavg_1502_WMA
13,Simangani,4,5.000000000000000,0.049999999999994,2499,3533,1034,3135.000000000000000,425.894353097103000,15675.000000000000000,5,2499,2499,3417,3533,1502,15,2,C:\Users\kem99059\Desktop\Zambezi\Climate\SoilMoisture\10to40\10_40Clip\10to40.gdb\tavg_1502_WMA
14,Unknown 16,5,1.000000000000000,0.009999999999999,2690,2690,0,2690.000000000000000,0.000000000000000,2690.000000000000000,1,2690,2690,2690,2690,1502,15,2,C:\Users\kem99059\Desktop\Zambezi\Climate\SoilMoisture\10to40\10_40Clip\10to40.gdb\tavg_1502_WMA
15,Chidobe,6,1.000000000000000,0.009999999999999,2793,2793,0,2793.000000000000000,0.000000000000000,2793.000000000000000,1,2793,2793,2793,2793,1502,15,2,C:\Users\kem99059\Desktop\Zambezi\Climate\SoilMoisture\10to40\10_40Clip\10to40.gdb\tavg_1502_WMA
16,Jambezi,7,2.000000000000000,0.019999999999998,2806,2827,21,2816.500000000000000,10.500000000000000,5633.000000000000000,2,2806,2806,2806,2827,1502,15,2,C:\Users\kem99059\Desktop\Zambezi\Climate\SoilMoisture\10to40\10_40Clip\10to40.gdb\tavg_1502_WMA
17,Kachecheti,8,2.000000000000000,0.019999999999998,2806,2846,40,2826.000000000000000,20.000000000000000,5652.000000000000000,2,2806,2806,2806,2846,1502,15,2,C:\Users\kem99059\Desktop\Zambezi\Climate\SoilMoisture\10to40\10_40Clip\10to40.gdb\tavg_1502_WMA
18,Mabale,9,1.000000000000000,0.009999999999999,2874,2874,0,2874.000000000000000,0.000000000000000,2874.000000000000000,1,2874,2874,2874,2874,1502,15,2,C:\Users\kem99059\Desktop\Zambezi\Climate\SoilMoisture\10to40\10_40Clip\10to40.gdb\tavg_1502_WMA
19,Nekatambe,1,4.000000000000000,0.039999999999995,1879,3069,1190,2481.000000000000000,573.945554909174000,9924.000000000000000,4,1879,1879,1936,3069,1503,15,3,C:\Users\kem99059\Desktop\Zambezi\Climate\SoilMoisture\10to40\10_40Clip\10to40.gdb\tavg_1503_WMA
20,Nemananga,2,2.000000000000000,0.019999999999998,1722,2006,284,1864.000000000000000,142.000000000000000,3728.000000000000000,2,1722,1722,1722,2006,1503,15,3,C:\Users\kem99059\Desktop\Zambezi\Climate\SoilMoisture\10to40\10_40Clip\10to40.gdb\tavg_1503_WMA
21,Sidinda,3,6.000000000000000,0.059999999999993,1795,3005,1210,2409.333333333330000,548.663122710304000,14456.000000000000000,6,1795,1795,1909,3005,1503,15,3,C:\Users\kem99059\Desktop\Zambezi\Climate\SoilMoisture\10to40\10_40Clip\10to40.gdb\tavg_1503_WMA
22,Simangani,4,5.000000000000000,0.049999999999994,1633,3009,1376,2486.400000000000000,577.666201192349000,12432.000000000000000,5,1633,1633,2894,3009,1503,15,3,C:\Users\kem99059\Desktop\Zambezi\Climate\SoilMoisture\10to40\10_40Clip\10to40.gdb\tavg_1503_WMA
23,Unknown 16,5,1.000000000000000,0.009999999999999,1873,1873,0,1873.000000000000000,0.000000000000000,1873.000000000000000,1,1873,1873,1873,1873,1503,15,3,C:\Users\kem99059\Desktop\Zambezi\Climate\SoilMoisture\10to40\10_40Clip\10to40.gdb\tavg_1503_WMA
24,Chidobe,6,1.000000000000000,0.009999999999999,1923,1923,0,1923.000000000000000,0.000000000000000,1923.000000000000000,1,1923,1923,1923,1923,1503,15,3,C:\Users\kem99059\Desktop\Zambezi\Climate\SoilMoisture\10to40\10_40Clip\10to40.gdb\tavg_1503_WMA
25,Jambezi,7,2.000000000000000,0.019999999999998,1939,1944,5,1941.500000000000000,2.500000000000000,3883.000000000000000,2,1939,1939,1939,1944,1503,15,3,C:\Users\kem99059\Desktop\Zambezi\Climate\SoilMoisture\10to40\10_40Clip\10to40.gdb\tavg_1503_WMA
26,Kachecheti,8,2.000000000000000,0.019999999999998,1921,1967,46,1944.000000000000000,23.000000000000000,3888.000000000000000,2,1921,1921,1921,1967,1503,15,3,C:\Users\kem99059\Desktop\Zambezi\Climate\SoilMoisture\10to40\10_40Clip\10to40.gdb\tavg_1503_WMA
27,Mabale,9,1.000000000000000,0.009999999999999,2024,2024,0,2024.000000000000000,0.000000000000000,2024.000000000000000,1,2024,2024,2024,2024,1503,15,3,C:\Users\kem99059\Desktop\Zambezi\Climate\SoilMoisture\10to40\10_40Clip\10to40.gdb\tavg_1503_WMA
28,Nekatambe,1,4.000000000000000,0.039999999999995,2225,3143,918,2707.000000000000000,419.294049564265000,10828.000000000000000,4,2225,2225,2356,3143,1504,15,4,C:\Users\kem99059\Desktop\Zambezi\Climate\SoilMoisture\10to40\10_40Clip\10to40.gdb\tavg_1504_WMA
29,Nemananga,2,2.000000000000000,0.019999999999998,2227,2393,166,2310.000000000000000,83.000000000000000,4620.000000000000000,2,2227,2227,2227,2393,1504,15,4,C:\Users\kem99059\Desktop\Zambezi\Climate\SoilMoisture\10to40\10_40Clip\10to40.gdb\tavg_1504_WMA
30,Sidinda,3,6.000000000000000,0.059999999999993,2231,3069,838,2661.166666666670000,389.150534997562000,15967.000000000000000,6,2231,2231,2315,3069,1504,15,4,C:\Users\kem99059\Desktop\Zambezi\Climate\SoilMoisture\10to40\10_40Clip\10to40.gdb\tavg_1504_WMA
31,Simangani,4,5.000000000000000,0.049999999999994,2027,3092,1065,2714.800000000000000,431.040322939745000,13574.000000000000000,5,2027,2027,3011,3092,1504,15,4,C:\Users\kem99059\Desktop\Zambezi\Climate\SoilMoisture\10to40\10_40Clip\10to40.gdb\tavg_1504_WMA
32,Unknown 16,5,1.000000000000000,0.009999999999999,2305,2305,0,2305.000000000000000,0.000000000000000,2305.000000000000000,1,2305,2305,2305,2305,1504,15,4,C:\Users\kem99059\Desktop\Zambezi\Climate\SoilMoisture\10to40\10_40Clip\10to40.gdb\tavg_1504_WMA
33,Chidobe,6,1.000000000000000,0.009999999999999,2591,2591,0,2591.000000000000000,0.000000000000000,2591.000000000000000,1,2591,2591,2591,2591,1504,15,4,C:\Users\kem99059\Desktop\Zambezi\Climate\SoilMoisture\10to40\10_40Clip\10to40.gdb\tavg_1504_WMA
34,Jambezi,7,2.000000000000000,0.019999999999998,2328,2378,50,2353.000000000000000,25.000000000000000,4706.000000000000000,2,2328,2328,2328,2378,1504,15,4,C:\Users\kem99059\Desktop\Zambezi\Climate\SoilMoisture\10to40\10_40Clip\10to40.gdb\tavg_1504_WMA
35,Kachecheti,8,2.000000000000000,0.019999999999998,2538,2601,63,2569.500000000000000,31.500000000000000,5139.000000000000000,2,2538,2538,2538,2601,1504,15,4,C:\Users\kem99059\Desktop\Zambezi\Climate\SoilMoisture\10to40\10_40Clip\10to40.gdb\tavg_1504_WMA
36,Mabale,9,1.000000000000000,0.009999999999999,2443,2443,0,2443.000000000000000,0.000000000000000,2443.000000000000000,1,2443,2443,2443,2443,1504,15,4,C:\Users\kem99059\Desktop\Zambezi\Climate\SoilMoisture\10to40\10_40Clip\10to40.gdb\tavg_1504_WMA
37,Nekatambe,1,4.000000000000000,0.039999999999995,1919,2873,954,2397.000000000000000,450.341537058264000,9588.000000000000000,4,1919,1919,1976,2873,1505,15,5,C:\Users\kem99059\Desktop\Zambezi\Climate\SoilMoisture\10to40\10_40Clip\10to40.gdb\tavg_1505_WMA
38,Nemananga,2,2.000000000000000,0.019999999999998,1792,2032,240,1912.000000000000000,120.000000000000000,3824.000000000000000,2,1792,1792,1792,2032,1505,15,5,C:\Users\kem99059\Desktop\Zambezi\Climate\SoilMoisture\10to40\10_40Clip\10to40.gdb\tavg_1505_WMA
39,Sidinda,3,6.000000000000000,0.059999999999993,1931,2811,880,2369.500000000000000,425.168496010699000,14217.000000000000000,6,1931,1931,1965,2811,1505,15,5,C:\Users\kem99059\Desktop\Zambezi\Climate\SoilMoisture\10to40\10_40Clip\10to40.gdb\tavg_1505_WMA
40,Simangani,4,5.000000000000000,0.049999999999994,1710,2809,1099,2399.400000000000000,465.024988575883000,11997.000000000000000,5,1710,1710,2735,2809,1505,15,5,C:\Users\kem99059\Desktop\Zambezi\Climate\SoilMoisture\10to40\10_40Clip\10to40.gdb\tavg_1505_WMA
41,Unknown 16,5,1.000000000000000,0.009999999999999,1925,1925,0,1925.000000000000000,0.000000000000000,1925.000000000000000,1,1925,1925,1925,1925,1505,15,5,C:\Users\kem99059\Desktop\Zambezi\Climate\SoilMoisture\10to40\10_40Clip\10to40.gdb\tavg_1505_WMA
42,Chidobe,6,1.000000000000000,0.009999999999999,2058,2058,0,2058.000000000000000,0.000000000000000,2058.000000000000000,1,2058,2058,2058,2058,1505,15,5,C:\Users\kem99059\Desktop\Zambezi\Climate\SoilMoisture\10to40\10_40Clip\10to40.gdb\tavg_1505_WMA
43,Jambezi,7,2.000000000000000,0.019999999999998,1987,1995,8,1991.000000000000000,4.000000000000000,3982.000000000000000,2,1987,1987,1987,1995,1505,15,5,C:\Users\kem99059\Desktop\Zambezi\Climate\SoilMoisture\10to40\10_40Clip\10to40.gdb\tavg_1505_WMA
44,Kachecheti,8,2.000000000000000,0.019999999999998,2079,2088,9,2083.500000000000000,4.500000000000000,4167.000000000000000,2,2079,2079,2079,2088,1505,15,5,C:\Users\kem99059\Desktop\Zambezi\Climate\SoilMoisture\10to40\10_40Clip\10to40.gdb\tavg_1505_WMA
45,Mabale,9,1.000000000000000,0.009999999999999,1987,1987,0,1987.000000000000000,0.000000000000000,1987.000000000000000,1,1987,1987,1987,1987,1505,15,5,C:\Users\kem99059\Desktop\Zambezi\Climate\SoilMoisture\10to40\10_40Clip\10to40.gdb\tavg_1505_WMA
46,Nekatambe,1,4.000000000000000,0.039999999999995,1727,2721,994,2215.250000000000000,475.827896933335000,8861.000000000000000,4,1727,1727,1753,2721,1506,15,6,C:\Users\kem99059\Desktop\Zambezi\Climate\SoilMoisture\10to40\10_40Clip\10to40.gdb\tavg_1506_WMA
47,Nemananga,2,2.000000000000000,0.019999999999998,1595,1826,231,1710.500000000000000,115.500000000000000,3421.000000000000000,2,1595,1595,1595,1826,1506,15,6,C:\Users\kem99059\Desktop\Zambezi\Climate\SoilMoisture\10to40\10_40Clip\10to40.gdb\tavg_1506_WMA
48,Sidinda,3,6.000000000000000,0.059999999999993,1742,2686,944,2207.333333333330000,454.314746501683000,13244.000000000000000,6,1742,1742,1763,2686,1506,15,6,C:\Users\kem99059\Desktop\Zambezi\Climate\SoilMoisture\10to40\10_40Clip\10to40.gdb\tavg_1506_WMA
49,Simangani,4,5.000000000000000,0.049999999999994,1554,2650,1096,2229.200000000000000,480.193044514391000,11146.000000000000000,5,1554,1554,2583,2650,1506,15,6,C:\Users\kem99059\Desktop\Zambezi\Climate\SoilMoisture\10to40\10_40Clip\10to40.gdb\tavg_1506_WMA
50,Unknown 16,5,1.000000000000000,0.009999999999999,1715,1715,0,1715.000000000000000,0.000000000000000,1715.000000000000000,1,1715,1715,1715,1715,1506,15,6,C:\Users\kem99059\Desktop\Zambezi\Climate\SoilMoisture\10to40\10_40Clip\10to40.gdb\tavg_1506_WMA
51,Chidobe,6,1.000000000000000,0.009999999999999,1815,1815,0,1815.000000000000000,0.000000000000000,1815.000000000000000,1,1815,1815,1815,1815,1506,15,6,C:\Users\kem99059\Desktop\Zambezi\Climate\SoilMoisture\10to40\10_40Clip\10to40.gdb\tavg_1506_WMA
52,Jambezi,7,2.000000000000000,0.019999999999998,1784,1796,12,1790.000000000000000,6.000000000000000,3580.000000000000000,2,1784,1784,1784,1796,1506,15,6,C:\Users\kem99059\Desktop\Zambezi\Climate\SoilMoisture\10to40\10_40Clip\10to40.gdb\tavg_1506_WMA
53,Kachecheti,8,2.000000000000000,0.019999999999998,1838,1856,18,1847.000000000000000,9.000000000000000,3694.000000000000000,2,1838,1838,1838,1856,1506,15,6,C:\Users\kem99059\Desktop\Zambezi\Climate\SoilMoisture\10to40\10_40Clip\10to40.gdb\tavg_1506_WMA
54,Mabale,9,1.000000000000000,0.009999999999999,1719,1719,0,1719.000000000000000,0.000000000000000,1719.000000000000000,1,1719,1719,1719,1719,1506,15,6,C:\Users\kem99059\Desktop\Zambezi\Climate\SoilMoisture\10to40\10_40Clip\10to40.gdb\tavg_1506_WMA
55,Nekatambe,1,4.000000000000000,0.039999999999995,1644,2634,990,2126.500000000000000,476.063808748365000,8506.000000000000000,4,1644,1644,1658,2634,1507,15,7,C:\Users\kem99059\Desktop\Zambezi\Climate\SoilMoisture\10to40\10_40Clip\10to40.gdb\tavg_1507_WMA
56,Nemananga,2,2.000000000000000,0.019999999999998,1524,1736,212,1630.000000000000000,106.000000000000000,3260.000000000000000,2,1524,1524,1524,1736,1507,15,7,C:\Users\kem99059\Desktop\Zambezi\Climate\SoilMoisture\10to40\10_40Clip\10to40.gdb\tavg_1507_WMA
57,Sidinda,3,6.000000000000000,0.059999999999993,1658,2618,960,2129.833333333330000,459.869697728486000,12779.000000000000000,6,1658,1658,1677,2618,1507,15,7,C:\Users\kem99059\Desktop\Zambezi\Climate\SoilMoisture\10to40\10_40Clip\10to40.gdb\tavg_1507_WMA
58,Simangani,4,5.000000000000000,0.049999999999994,1496,2562,1066,2147.600000000000000,474.710269532902000,10738.000000000000000,5,1496,1496,2500,2562,1507,15,7,C:\Users\kem99059\Desktop\Zambezi\Climate\SoilMoisture\10to40\10_40Clip\10to40.gdb\tavg_1507_WMA
59,Unknown 16,5,1.000000000000000,0.009999999999999,1628,1628,0,1628.000000000000000,0.000000000000000,1628.000000000000000,1,1628,1628,1628,1628,1507,15,7,C:\Users\kem99059\Desktop\Zambezi\Climate\SoilMoisture\10to40\10_40Clip\10to40.gdb\tavg_1507_WMA
60,Chidobe,6,1.000000000000000,0.009999999999999,1716,1716,0,1716.000000000000000,0.000000000000000,1716.000000000000000,1,1716,1716,1716,1716,1507,15,7,C:\Users\kem99059\Desktop\Zambezi\Climate\SoilMoisture\10to40\10_40Clip\10to40.gdb\tavg_1507_WMA
61,Jambezi,7,2.000000000000000,0.019999999999998,1694,1712,18,1703.000000000000000,9.000000000000000,3406.000000000000000,2,1694,1694,1694,1712,1507,15,7,C:\Users\kem99059\Desktop\Zambezi\Climate\SoilMoisture\10to40\10_40Clip\10to40.gdb\tavg_1507_WMA
62,Kachecheti,8,2.000000000000000,0.019999999999998,1738,1756,18,1747.000000000000000,9.000000000000000,3494.000000000000000,2,1738,1738,1738,1756,1507,15,7,C:\Users\kem99059\Desktop\Zambezi\Climate\SoilMoisture\10to40\10_40Clip\10to40.gdb\tavg_1507_WMA
63,Mabale,9,1.000000000000000,0.009999999999999,1613,1613,0,1613.000000000000000,0.000000000000000,1613.000000000000000,1,1613,1613,1613,1613,1507,15,7,C:\Users\kem99059\Desktop\Zambezi\Climate\SoilMoisture\10to40\10_40Clip\10to40.gdb\tavg_1507_WMA
64,Nekatambe,1,4.000000000000000,0.039999999999995,1603,2584,981,2079.250000000000000,472.337472047264000,8317.000000000000000,4,1603,1603,1612,2584,1508,15,8,C:\Users\kem99059\Desktop\Zambezi\Climate\SoilMoisture\10to40\10_40Clip\10to40.gdb\tavg_1508_WMA
65,Nemananga,2,2.000000000000000,0.019999999999998,1489,1687,198,1588.000000000000000,99.000000000000000,3176.000000000000000,2,1489,1489,1489,1687,1508,15,8,C:\Users\kem99059\Desktop\Zambezi\Climate\SoilMoisture\10to40\10_40Clip\10to40.gdb\tavg_1508_WMA
66,Sidinda,3,6.000000000000000,0.059999999999993,1617,2579,962,2088.333333333330000,459.745823496225000,12530.000000000000000,6,1617,1617,1637,2579,1508,15,8,C:\Users\kem99059\Desktop\Zambezi\Climate\SoilMoisture\10to40\10_40Clip\10to40.gdb\tavg_1508_WMA
67,Simangani,4,5.000000000000000,0.049999999999994,1470,2512,1042,2104.200000000000000,467.333884925970000,10521.000000000000000,5,1470,1470,2452,2512,1508,15,8,C:\Users\kem99059\Desktop\Zambezi\Climate\SoilMoisture\10to40\10_40Clip\10to40.gdb\tavg_1508_WMA
68,Unknown 16,5,1.000000000000000,0.009999999999999,1588,1588,0,1588.000000000000000,0.000000000000000,1588.000000000000000,1,1588,1588,1588,1588,1508,15,8,C:\Users\kem99059\Desktop\Zambezi\Climate\SoilMoisture\10to40\10_40Clip\10to40.gdb\tavg_1508_WMA
69,Chidobe,6,1.000000000000000,0.009999999999999,1663,1663,0,1663.000000000000000,0.000000000000000,1663.000000000000000,1,1663,1663,1663,1663,1508,15,8,C:\Users\kem99059\Desktop\Zambezi\Climate\SoilMoisture\10to40\10_40Clip\10to40.gdb\tavg_1508_WMA
70,Jambezi,7,2.000000000000000,0.019999999999998,1648,1667,19,1657.500000000000000,9.500000000000000,3315.000000000000000,2,1648,1648,1648,1667,1508,15,8,C:\Users\kem99059\Desktop\Zambezi\Climate\SoilMoisture\10to40\10_40Clip\10to40.gdb\tavg_1508_WMA
71,Kachecheti,8,2.000000000000000,0.019999999999998,1683,1701,18,1692.000000000000000,9.000000000000000,3384.000000000000000,2,1683,1683,1683,1701,1508,15,8,C:\Users\kem99059\Desktop\Zambezi\Climate\SoilMoisture\10to40\10_40Clip\10to40.gdb\tavg_1508_WMA
72,Mabale,9,1.000000000000000,0.009999999999999,1565,1565,0,1565.000000000000000,0.000000000000000,1565.000000000000000,1,1565,1565,1565,1565,1508,15,8,C:\Users\kem99059\Desktop\Zambezi\Climate\SoilMoisture\10to40\10_40Clip\10to40.gdb\tavg_1508_WMA
73,Nekatambe,1,4.000000000000000,0.039999999999995,1583,2560,977,2056.500000000000000,470.123653946491000,8226.000000000000000,4,1583,1583,1591,2560,1509,15,9,C:\Users\kem99059\Desktop\Zambezi\Climate\SoilMoisture\10to40\10_40Clip\10to40.gdb\tavg_1509_WMA
74,Nemananga,2,2.000000000000000,0.019999999999998,1471,1662,191,1566.500000000000000,95.500000000000000,3133.000000000000000,2,1471,1471,1471,1662,1509,15,9,C:\Users\kem99059\Desktop\Zambezi\Climate\SoilMoisture\10to40\10_40Clip\10to40.gdb\tavg_1509_WMA
75,Sidinda,3,6.000000000000000,0.059999999999993,1598,2560,962,2067.833333333330000,458.958391965498000,12407.000000000000000,6,1598,1598,1618,2560,1509,15,9,C:\Users\kem99059\Desktop\Zambezi\Climate\SoilMoisture\10to40\10_40Clip\10to40.gdb\tavg_1509_WMA
76,Simangani,4,5.000000000000000,0.049999999999994,1457,2487,1030,2082.800000000000000,462.782194990257000,10414.000000000000000,5,1457,1457,2427,2487,1509,15,9,C:\Users\kem99059\Desktop\Zambezi\Climate\SoilMoisture\10to40\10_40Clip\10to40.gdb\tavg_1509_WMA
77,Unknown 16,5,1.000000000000000,0.009999999999999,1570,1570,0,1570.000000000000000,0.000000000000000,1570.000000000000000,1,1570,1570,1570,1570,1509,15,9,C:\Users\kem99059\Desktop\Zambezi\Climate\SoilMoisture\10to40\10_40Clip\10to40.gdb\tavg_1509_WMA
78,Chidobe,6,1.000000000000000,0.009999999999999,1634,1634,0,1634.000000000000000,0.000000000000000,1634.000000000000000,1,1634,1634,1634,1634,1509,15,9,C:\Users\kem99059\Desktop\Zambezi\Climate\SoilMoisture\10to40\10_40Clip\10to40.gdb\tavg_1509_WMA
79,Jambezi,7,2.000000000000000,0.019999999999998,1625,1645,20,1635.000000000000000,10.000000000000000,3270.000000000000000,2,1625,1625,1625,1645,1509,15,9,C:\Users\kem99059\Desktop\Zambezi\Climate\SoilMoisture\10to40\10_40Clip\10to40.gdb\tavg_1509_WMA
80,Kachecheti,8,2.000000000000000,0.019999999999998,1654,1673,19,1663.500000000000000,9.500000000000000,3327.000000000000000,2,1654,1654,1654,1673,1509,15,9,C:\Users\kem99059\Desktop\Zambezi\Climate\SoilMoisture\10to40\10_40Clip\10to40.gdb\tavg_1509_WMA
81,Mabale,9,1.000000000000000,0.009999999999999,1543,1543,0,1543.000000000000000,0.000000000000000,1543.000000000000000,1,1543,1543,1543,1543,1509,15,9,C:\Users\kem99059\Desktop\Zambezi\Climate\SoilMoisture\10to40\10_40Clip\10to40.gdb\tavg_1509_WMA
82,Nekatambe,1,4.000000000000000,0.039999999999995,1569,2541,972,2039.000000000000000,467.660133002590000,8156.000000000000000,4,1569,1569,1575,2541,1510,15,10,C:\Users\kem99059\Desktop\Zambezi\Climate\SoilMoisture\10to40\10_40Clip\10to40.gdb\tavg_1510_WMA
83,Nemananga,2,2.000000000000000,0.019999999999998,1460,1643,183,1551.500000000000000,91.500000000000000,3103.000000000000000,2,1460,1460,1460,1643,1510,15,10,C:\Users\kem99059\Desktop\Zambezi\Climate\SoilMoisture\10to40\10_40Clip\10to40.gdb\tavg_1510_WMA
84,Sidinda,3,6.000000000000000,0.059999999999993,1584,2543,959,2051.333333333330000,457.161046265123000,12308.000000000000000,6,1584,1584,1603,2543,1510,15,10,C:\Users\kem99059\Desktop\Zambezi\Climate\SoilMoisture\10to40\10_40Clip\10to40.gdb\tavg_1510_WMA
85,Simangani,4,5.000000000000000,0.049999999999994,1447,2466,1019,2065.000000000000000,458.356629710971000,10325.000000000000000,5,1447,1447,2405,2466,1510,15,10,C:\Users\kem99059\Desktop\Zambezi\Climate\SoilMoisture\10to40\10_40Clip\10to40.gdb\tavg_1510_WMA
86,Unknown 16,5,1.000000000000000,0.009999999999999,1556,1556,0,1556.000000000000000,0.000000000000000,1556.000000000000000,1,1556,1556,1556,1556,1510,15,10,C:\Users\kem99059\Desktop\Zambezi\Climate\SoilMoisture\10to40\10_40Clip\10to40.gdb\tavg_1510_WMA
87,Chidobe,6,1.000000000000000,0.009999999999999,1615,1615,0,1615.000000000000000,0.000000000000000,1615.000000000000000,1,1615,1615,1615,1615,1510,15,10,C:\Users\kem99059\Desktop\Zambezi\Climate\SoilMoisture\10to40\10_40Clip\10to40.gdb\tavg_1510_WMA
88,Jambezi,7,2.000000000000000,0.019999999999998,1609,1628,19,1618.500000000000000,9.500000000000000,3237.000000000000000,2,1609,1609,1609,1628,1510,15,10,C:\Users\kem99059\Desktop\Zambezi\Climate\SoilMoisture\10to40\10_40Clip\10to40.gdb\tavg_1510_WMA
89,Kachecheti,8,2.000000000000000,0.019999999999998,1633,1652,19,1642.500000000000000,9.500000000000000,3285.000000000000000,2,1633,1633,1633,1652,1510,15,10,C:\Users\kem99059\Desktop\Zambezi\Climate\SoilMoisture\10to40\10_40Clip\10to40.gdb\tavg_1510_WMA
90,Mabale,9,1.000000000000000,0.009999999999999,1528,1528,0,1528.000000000000000,0.000000000000000,1528.000000000000000,1,1528,1528,1528,1528,1510,15,10,C:\Users\kem99059\Desktop\Zambezi\Climate\SoilMoisture\10to40\10_40Clip\10to40.gdb\tavg_1510_WMA
91,Nekatambe,1,4.000000000000000,0.039999999999995,1542,2483,941,1996.750000000000000,453.371467452463000,7987.000000000000000,4,1542,1542,1546,2483,1511,15,11,C:\Users\kem99059\Desktop\Zambezi\Climate\SoilMoisture\10to40\10_40Clip\10to40.gdb\tavg_1511_WMA
92,Nemananga,2,2.000000000000000,0.019999999999998,1450,1621,171,1535.500000000000000,85.500000000000000,3071.000000000000000,2,1450,1450,1450,1621,1511,15,11,C:\Users\kem99059\Desktop\Zambezi\Climate\SoilMoisture\10to40\10_40Clip\10to40.gdb\tavg_1511_WMA
93,Sidinda,3,6.000000000000000,0.059999999999993,1556,2498,942,2014.666666666670000,446.559688681766000,12088.000000000000000,6,1556,1556,1578,2498,1511,15,11,C:\Users\kem99059\Desktop\Zambezi\Climate\SoilMoisture\10to40\10_40Clip\10to40.gdb\tavg_1511_WMA
94,Simangani,4,5.000000000000000,0.049999999999994,1436,2412,976,2025.600000000000000,440.961948471747000,10128.000000000000000,5,1436,1436,2353,2412,1511,15,11,C:\Users\kem99059\Desktop\Zambezi\Climate\SoilMoisture\10to40\10_40Clip\10to40.gdb\tavg_1511_WMA
95,Unknown 16,5,1.000000000000000,0.009999999999999,1531,1531,0,1531.000000000000000,0.000000000000000,1531.000000000000000,1,1531,1531,1531,1531,1511,15,11,C:\Users\kem99059\Desktop\Zambezi\Climate\SoilMoisture\10to40\10_40Clip\10to40.gdb\tavg_1511_WMA
96,Chidobe,6,1.000000000000000,0.009999999999999,1617,1617,0,1617.000000000000000,0.000000000000000,1617.000000000000000,1,1617,1617,1617,1617,1511,15,11,C:\Users\kem99059\Desktop\Zambezi\Climate\SoilMoisture\10to40\10_40Clip\10to40.gdb\tavg_1511_WMA
97,Jambezi,7,2.000000000000000,0.019999999999998,1584,1600,16,1592.000000000000000,8.000000000000000,3184.000000000000000,2,1584,1584,1584,1600,1511,15,11,C:\Users\kem99059\Desktop\Zambezi\Climate\SoilMoisture\10to40\10_40Clip\10to40.gdb\tavg_1511_WMA
98,Kachecheti,8,2.000000000000000,0.019999999999998,1624,1636,12,1630.000000000000000,6.000000000000000,3260.000000000000000,2,1624,1624,1624,1636,1511,15,11,C:\Users\kem99059\Desktop\Zambezi\Climate\SoilMoisture\10to40\10_40Clip\10to40.gdb\tavg_1511_WMA
99,Mabale,9,1.000000000000000,0.009999999999999,1504,1504,0,1504.000000000000000,0.000000000000000,1504.000000000000000,1,1504,1504,1504,1504,1511,15,11,C:\Users\kem99059\Desktop\Zambezi\Climate\SoilMoisture\10to40\10_40Clip\10to40.gdb\tavg_1511_WMA
100,Nekatambe,1,4.000000000000000,0.039999999999995,2167,3080,913,2628.750000000000000,414.207903715031000,10515.000000000000000,4,2167,2167,2267,3080,1512,15,12,C:\Users\kem99059\Desktop\Zambezi\Climate\SoilMoisture\10to40\10_40Clip\10to40.gdb\tavg_1512_WMA
101,Nemananga,2,2.000000000000000,0.019999999999998,2107,2273,166,2190.000000000000000,83.000000000000000,4380.000000000000000,2,2107,2107,2107,2273,1512,15,12,C:\Users\kem99059\Desktop\Zambezi\Climate\SoilMoisture\10to40\10_40Clip\10to40.gdb\tavg_1512_WMA
102,Sidinda,3,6.000000000000000,0.059999999999993,1980,2848,868,2439.833333333330000,391.785832935405000,14639.000000000000000,6,1980,1980,2106,2848,1512,15,12,C:\Users\kem99059\Desktop\Zambezi\Climate\SoilMoisture\10to40\10_40Clip\10to40.gdb\tavg_1512_WMA
103,Simangani,4,5.000000000000000,0.049999999999994,1882,2914,1032,2503.200000000000000,451.101496339793000,12516.000000000000000,5,1882,1882,2803,2914,1512,15,12,C:\Users\kem99059\Desktop\Zambezi\Climate\SoilMoisture\10to40\10_40Clip\10to40.gdb\tavg_1512_WMA
104,Unknown 16,5,1.000000000000000,0.009999999999999,1965,1965,0,1965.000000000000000,0.000000000000000,1965.000000000000000,1,1965,1965,1965,1965,1512,15,12,C:\Users\kem99059\Desktop\Zambezi\Climate\SoilMoisture\10to40\10_40Clip\10to40.gdb\tavg_1512_WMA
105,Chidobe,6,1.000000000000000,0.009999999999999,2602,2602,0,2602.000000000000000,0.000000000000000,2602.000000000000000,1,2602,2602,2602,2602,1512,15,12,C:\Users\kem99059\Desktop\Zambezi\Climate\SoilMoisture\10to40\10_40Clip\10to40.gdb\tavg_1512_WMA
106,Jambezi,7,2.000000000000000,0.019999999999998,2184,2209,25,2196.500000000000000,12.500000000000000,4393.000000000000000,2,2184,2184,2184,2209,1512,15,12,C:\Users\kem99059\Desktop\Zambezi\Climate\SoilMoisture\10to40\10_40Clip\10to40.gdb\tavg_1512_WMA
107,Kachecheti,8,2.000000000000000,0.019999999999998,2400,2514,114,2457.000000000000000,57.000000000000000,4914.000000000000000,2,2400,2400,2400,2514,1512,15,12,C:\Users\kem99059\Desktop\Zambezi\Climate\SoilMoisture\10to40\10_40Clip\10to40.gdb\tavg_1512_WMA
108,Mabale,9,1.000000000000000,0.009999999999999,2376,2376,0,2376.000000000000000,0.000000000000000,2376.000000000000000,1,2376,2376,2376,2376,1512,15,12,C:\Users\kem99059\Desktop\Zambezi\Climate\SoilMoisture\10to40\10_40Clip\10to40.gdb\tavg_1512_WMA
109,Nekatambe,1,4.000000000000000,0.039999999999995,2184,2996,812,2594.000000000000000,370.424756192131000,10376.000000000000000,4,2184,2184,2267,2996,1601,16,1,C:\Users\kem99059\Desktop\Zambezi\Climate\SoilMoisture\10to40\10_40Clip\10to40.gdb\tavg_1601_WMA
110,Nemananga,2,2.000000000000000,0.019999999999998,2070,2251,181,2160.500000000000000,90.500000000000000,4321.000000000000000,2,2070,2070,2070,2251,1601,16,1,C:\Users\kem99059\Desktop\Zambezi\Climate\SoilMoisture\10to40\10_40Clip\10to40.gdb\tavg_1601_WMA
111,Sidinda,3,6.000000000000000,0.059999999999993,2052,2844,792,2459.833333333330000,358.754984479504000,14759.000000000000000,6,2052,2052,2141,2844,1601,16,1,C:\Users\kem99059\Desktop\Zambezi\Climate\SoilMoisture\10to40\10_40Clip\10to40.gdb\tavg_1601_WMA
112,Simangani,4,5.000000000000000,0.049999999999994,1931,2882,951,2528.200000000000000,392.898154742422000,12641.000000000000000,5,1931,1931,2794,2882,1601,16,1,C:\Users\kem99059\Desktop\Zambezi\Climate\SoilMoisture\10to40\10_40Clip\10to40.gdb\tavg_1601_WMA
113,Unknown 16,5,1.000000000000000,0.009999999999999,2091,2091,0,2091.000000000000000,0.000000000000000,2091.000000000000000,1,2091,2091,2091,2091,1601,16,1,C:\Users\kem99059\Desktop\Zambezi\Climate\SoilMoisture\10to40\10_40Clip\10to40.gdb\tavg_1601_WMA
114,Chidobe,6,1.000000000000000,0.009999999999999,2482,2482,0,2482.000000000000000,0.000000000000000,2482.000000000000000,1,2482,2482,2482,2482,1601,16,1,C:\Users\kem99059\Desktop\Zambezi\Climate\SoilMoisture\10to40\10_40Clip\10to40.gdb\tavg_1601_WMA
115,Jambezi,7,2.000000000000000,0.019999999999998,2202,2209,7,2205.500000000000000,3.500000000000000,4411.000000000000000,2,2202,2202,2202,2209,1601,16,1,C:\Users\kem99059\Desktop\Zambezi\Climate\SoilMoisture\10to40\10_40Clip\10to40.gdb\tavg_1601_WMA
116,Kachecheti,8,2.000000000000000,0.019999999999998,2306,2404,98,2355.000000000000000,49.000000000000000,4710.000000000000000,2,2306,2306,2306,2404,1601,16,1,C:\Users\kem99059\Desktop\Zambezi\Climate\SoilMoisture\10to40\10_40Clip\10to40.gdb\tavg_1601_WMA
117,Mabale,9,1.000000000000000,0.009999999999999,2384,2384,0,2384.000000000000000,0.000000000000000,2384.000000000000000,1,2384,2384,2384,2384,1601,16,1,C:\Users\kem99059\Desktop\Zambezi\Climate\SoilMoisture\10to40\10_40Clip\10to40.gdb\tavg_1601_WMA
118,Nekatambe,1,4.000000000000000,0.039999999999995,2824,3382,558,3100.750000000000000,250.157325497376000,12403.000000000000000,4,2824,2824,2881,3382,1602,16,2,C:\Users\kem99059\Desktop\Zambezi\Climate\SoilMoisture\10to40\10_40Clip\10to40.gdb\tavg_1602_WMA
119,Nemananga,2,2.000000000000000,0.019999999999998,2748,2903,155,2825.500000000000000,77.500000000000000,5651.000000000000000,2,2748,2748,2748,2903,1602,16,2,C:\Users\kem99059\Desktop\Zambezi\Climate\SoilMoisture\10to40\10_40Clip\10to40.gdb\tavg_1602_WMA
120,Sidinda,3,6.000000000000000,0.059999999999993,2743,3316,573,3034.166666666670000,240.695808484947000,18205.000000000000000,6,2743,2743,2825,3316,1602,16,2,C:\Users\kem99059\Desktop\Zambezi\Climate\SoilMoisture\10to40\10_40Clip\10to40.gdb\tavg_1602_WMA
121,Simangani,4,5.000000000000000,0.049999999999994,2490,3250,760,2978.200000000000000,310.711699168216000,14891.000000000000000,5,2490,2490,3210,3250,1602,16,2,C:\Users\kem99059\Desktop\Zambezi\Climate\SoilMoisture\10to40\10_40Clip\10to40.gdb\tavg_1602_WMA
122,Unknown 16,5,1.000000000000000,0.009999999999999,2673,2673,0,2673.000000000000000,0.000000000000000,2673.000000000000000,1,2673,2673,2673,2673,1602,16,2,C:\Users\kem99059\Desktop\Zambezi\Climate\SoilMoisture\10to40\10_40Clip\10to40.gdb\tavg_1602_WMA
123,Chidobe,6,1.000000000000000,0.009999999999999,2860,2860,0,2860.000000000000000,0.000000000000000,2860.000000000000000,1,2860,2860,2860,2860,1602,16,2,C:\Users\kem99059\Desktop\Zambezi\Climate\SoilMoisture\10to40\10_40Clip\10to40.gdb\tavg_1602_WMA
124,Jambezi,7,2.000000000000000,0.019999999999998,2876,2902,26,2889.000000000000000,13.000000000000000,5778.000000000000000,2,2876,2876,2876,2902,1602,16,2,C:\Users\kem99059\Desktop\Zambezi\Climate\SoilMoisture\10to40\10_40Clip\10to40.gdb\tavg_1602_WMA
125,Kachecheti,8,2.000000000000000,0.019999999999998,2817,2838,21,2827.500000000000000,10.500000000000000,5655.000000000000000,2,2817,2817,2817,2838,1602,16,2,C:\Users\kem99059\Desktop\Zambezi\Climate\SoilMoisture\10to40\10_40Clip\10to40.gdb\tavg_1602_WMA
126,Mabale,9,1.000000000000000,0.009999999999999,3000,3000,0,3000.000000000000000,0.000000000000000,3000.000000000000000,1,3000,3000,3000,3000,1602,16,2,C:\Users\kem99059\Desktop\Zambezi\Climate\SoilMoisture\10to40\10_40Clip\10to40.gdb\tavg_1602_WMA
127,Nekatambe,1,4.000000000000000,0.039999999999995,3077,3685,608,3385.750000000000000,281.294663120366000,13543.000000000000000,4,3077,3077,3134,3685,1603,16,3,C:\Users\kem99059\Desktop\Zambezi\Climate\SoilMoisture\10to40\10_40Clip\10to40.gdb\tavg_1603_WMA
128,Nemananga,2,2.000000000000000,0.019999999999998,3166,3235,69,3200.500000000000000,34.500000000000000,6401.000000000000000,2,3166,3166,3166,3235,1603,16,3,C:\Users\kem99059\Desktop\Zambezi\Climate\SoilMoisture\10to40\10_40Clip\10to40.gdb\tavg_1603_WMA
129,Sidinda,3,6.000000000000000,0.059999999999993,3103,3612,509,3362.500000000000000,204.575780580205000,20175.000000000000000,6,3103,3103,3196,3612,1603,16,3,C:\Users\kem99059\Desktop\Zambezi\Climate\SoilMoisture\10to40\10_40Clip\10to40.gdb\tavg_1603_WMA
130,Simangani,4,5.000000000000000,0.049999999999994,3005,3584,579,3332.800000000000000,232.507548264567000,16664.000000000000000,5,3005,3005,3466,3584,1603,16,3,C:\Users\kem99059\Desktop\Zambezi\Climate\SoilMoisture\10to40\10_40Clip\10to40.gdb\tavg_1603_WMA
131,Unknown 16,5,1.000000000000000,0.009999999999999,3099,3099,0,3099.000000000000000,0.000000000000000,3099.000000000000000,1,3099,3099,3099,3099,1603,16,3,C:\Users\kem99059\Desktop\Zambezi\Climate\SoilMoisture\10to40\10_40Clip\10to40.gdb\tavg_1603_WMA
132,Chidobe,6,1.000000000000000,0.009999999999999,3197,3197,0,3197.000000000000000,0.000000000000000,3197.000000000000000,1,3197,3197,3197,3197,1603,16,3,C:\Users\kem99059\Desktop\Zambezi\Climate\SoilMoisture\10to40\10_40Clip\10to40.gdb\tavg_1603_WMA
133,Jambezi,7,2.000000000000000,0.019999999999998,3220,3227,7,3223.500000000000000,3.500000000000000,6447.000000000000000,2,3220,3220,3220,3227,1603,16,3,C:\Users\kem99059\Desktop\Zambezi\Climate\SoilMoisture\10to40\10_40Clip\10to40.gdb\tavg_1603_WMA
134,Kachecheti,8,2.000000000000000,0.019999999999998,3216,3222,6,3219.000000000000000,3.000000000000000,6438.000000000000000,2,3216,3216,3216,3222,1603,16,3,C:\Users\kem99059\Desktop\Zambezi\Climate\SoilMoisture\10to40\10_40Clip\10to40.gdb\tavg_1603_WMA
135,Mabale,9,1.000000000000000,0.009999999999999,3198,3198,0,3198.000000000000000,0.000000000000000,3198.000000000000000,1,3198,3198,3198,3198,1603,16,3,C:\Users\kem99059\Desktop\Zambezi\Climate\SoilMoisture\10to40\10_40Clip\10to40.gdb\tavg_1603_WMA
136,Nekatambe,1,4.000000000000000,0.039999999999995,2262,3204,942,2738.500000000000000,454.832661536086000,10954.000000000000000,4,2262,2262,2306,3204,1604,16,4,C:\Users\kem99059\Desktop\Zambezi\Climate\SoilMoisture\10to40\10_40Clip\10to40.gdb\tavg_1604_WMA
137,Nemananga,2,2.000000000000000,0.019999999999998,2251,2465,214,2358.000000000000000,107.000000000000000,4716.000000000000000,2,2251,2251,2251,2465,1604,16,4,C:\Users\kem99059\Desktop\Zambezi\Climate\SoilMoisture\10to40\10_40Clip\10to40.gdb\tavg_1604_WMA
138,Sidinda,3,6.000000000000000,0.059999999999993,2281,3176,895,2747.833333333330000,399.052802131358000,16487.000000000000000,6,2281,2281,2389,3176,1604,16,4,C:\Users\kem99059\Desktop\Zambezi\Climate\SoilMoisture\10to40\10_40Clip\10to40.gdb\tavg_1604_WMA
139,Simangani,4,5.000000000000000,0.049999999999994,2074,3149,1075,2740.600000000000000,457.991528305928000,13703.000000000000000,5,2074,2074,3068,3149,1604,16,4,C:\Users\kem99059\Desktop\Zambezi\Climate\SoilMoisture\10to40\10_40Clip\10to40.gdb\tavg_1604_WMA
140,Unknown 16,5,1.000000000000000,0.009999999999999,2269,2269,0,2269.000000000000000,0.000000000000000,2269.000000000000000,1,2269,2269,2269,2269,1604,16,4,C:\Users\kem99059\Desktop\Zambezi\Climate\SoilMoisture\10to40\10_40Clip\10to40.gdb\tavg_1604_WMA
141,Chidobe,6,1.000000000000000,0.009999999999999,2394,2394,0,2394.000000000000000,0.000000000000000,2394.000000000000000,1,2394,2394,2394,2394,1604,16,4,C:\Users\kem99059\Desktop\Zambezi\Climate\SoilMoisture\10to40\10_40Clip\10to40.gdb\tavg_1604_WMA
142,Jambezi,7,2.000000000000000,0.019999999999998,2426,2435,9,2430.500000000000000,4.500000000000000,4861.000000000000000,2,2426,2426,2426,2435,1604,16,4,C:\Users\kem99059\Desktop\Zambezi\Climate\SoilMoisture\10to40\10_40Clip\10to40.gdb\tavg_1604_WMA
143,Kachecheti,8,2.000000000000000,0.019999999999998,2429,2443,14,2436.000000000000000,7.000000000000000,4872.000000000000000,2,2429,2429,2429,2443,1604,16,4,C:\Users\kem99059\Desktop\Zambezi\Climate\SoilMoisture\10to40\10_40Clip\10to40.gdb\tavg_1604_WMA
144,Mabale,9,1.000000000000000,0.009999999999999,2375,2375,0,2375.000000000000000,0.000000000000000,2375.000000000000000,1,2375,2375,2375,2375,1604,16,4,C:\Users\kem99059\Desktop\Zambezi\Climate\SoilMoisture\10to40\10_40Clip\10to40.gdb\tavg_1604_WMA
145,Nekatambe,1,4.000000000000000,0.039999999999995,1840,2966,1126,2399.750000000000000,546.032222034561000,9599.000000000000000,4,1840,1840,1868,2966,1605,16,5,C:\Users\kem99059\Desktop\Zambezi\Climate\SoilMoisture\10to40\10_40Clip\10to40.gdb\tavg_1605_WMA
146,Nemananga,2,2.000000000000000,0.019999999999998,1750,2013,263,1881.500000000000000,131.500000000000000,3763.000000000000000,2,1750,1750,1750,2013,1605,16,5,C:\Users\kem99059\Desktop\Zambezi\Climate\SoilMoisture\10to40\10_40Clip\10to40.gdb\tavg_1605_WMA
147,Sidinda,3,6.000000000000000,0.059999999999993,1850,2966,1116,2416.833333333330000,507.571806633198000,14501.000000000000000,6,1850,1850,1945,2966,1605,16,5,C:\Users\kem99059\Desktop\Zambezi\Climate\SoilMoisture\10to40\10_40Clip\10to40.gdb\tavg_1605_WMA
148,Simangani,4,5.000000000000000,0.049999999999994,1636,2889,1253,2409.600000000000000,552.580347098954000,12048.000000000000000,5,1636,1636,2820,2889,1605,16,5,C:\Users\kem99059\Desktop\Zambezi\Climate\SoilMoisture\10to40\10_40Clip\10to40.gdb\tavg_1605_WMA
149,Unknown 16,5,1.000000000000000,0.009999999999999,1825,1825,0,1825.000000000000000,0.000000000000000,1825.000000000000000,1,1825,1825,1825,1825,1605,16,5,C:\Users\kem99059\Desktop\Zambezi\Climate\SoilMoisture\10to40\10_40Clip\10to40.gdb\tavg_1605_WMA
150,Chidobe,6,1.000000000000000,0.009999999999999,1921,1921,0,1921.000000000000000,0.000000000000000,1921.000000000000000,1,1921,1921,1921,1921,1605,16,5,C:\Users\kem99059\Desktop\Zambezi\Climate\SoilMoisture\10to40\10_40Clip\10to40.gdb\tavg_1605_WMA
151,Jambezi,7,2.000000000000000,0.019999999999998,1966,1991,25,1978.500000000000000,12.500000000000000,3957.000000000000000,2,1966,1966,1966,1991,1605,16,5,C:\Users\kem99059\Desktop\Zambezi\Climate\SoilMoisture\10to40\10_40Clip\10to40.gdb\tavg_1605_WMA
152,Kachecheti,8,2.000000000000000,0.019999999999998,1951,1985,34,1968.000000000000000,17.000000000000000,3936.000000000000000,2,1951,1951,1951,1985,1605,16,5,C:\Users\kem99059\Desktop\Zambezi\Climate\SoilMoisture\10to40\10_40Clip\10to40.gdb\tavg_1605_WMA
153,Mabale,9,1.000000000000000,0.009999999999999,1897,1897,0,1897.000000000000000,0.000000000000000,1897.000000000000000,1,1897,1897,1897,1897,1605,16,5,C:\Users\kem99059\Desktop\Zambezi\Climate\SoilMoisture\10to40\10_40Clip\10to40.gdb\tavg_1605_WMA
154,Nekatambe,1,4.000000000000000,0.039999999999995,1691,2838,1147,2257.000000000000000,558.751733778071000,9028.000000000000000,4,1691,1691,1706,2838,1606,16,6,C:\Users\kem99059\Desktop\Zambezi\Climate\SoilMoisture\10to40\10_40Clip\10to40.gdb\tavg_1606_WMA
155,Nemananga,2,2.000000000000000,0.019999999999998,1596,1846,250,1721.000000000000000,125.000000000000000,3442.000000000000000,2,1596,1596,1596,1846,1606,16,6,C:\Users\kem99059\Desktop\Zambezi\Climate\SoilMoisture\10to40\10_40Clip\10to40.gdb\tavg_1606_WMA
156,Sidinda,3,6.000000000000000,0.059999999999993,1701,2875,1174,2287.666666666670000,535.042573591631000,13726.000000000000000,6,1701,1701,1789,2875,1606,16,6,C:\Users\kem99059\Desktop\Zambezi\Climate\SoilMoisture\10to40\10_40Clip\10to40.gdb\tavg_1606_WMA
157,Simangani,4,5.000000000000000,0.049999999999994,1522,2756,1234,2277.800000000000000,556.306534205738000,11389.000000000000000,5,1522,1522,2698,2756,1606,16,6,C:\Users\kem99059\Desktop\Zambezi\Climate\SoilMoisture\10to40\10_40Clip\10to40.gdb\tavg_1606_WMA
158,Unknown 16,5,1.000000000000000,0.009999999999999,1669,1669,0,1669.000000000000000,0.000000000000000,1669.000000000000000,1,1669,1669,1669,1669,1606,16,6,C:\Users\kem99059\Desktop\Zambezi\Climate\SoilMoisture\10to40\10_40Clip\10to40.gdb\tavg_1606_WMA
159,Chidobe,6,1.000000000000000,0.009999999999999,1756,1756,0,1756.000000000000000,0.000000000000000,1756.000000000000000,1,1756,1756,1756,1756,1606,16,6,C:\Users\kem99059\Desktop\Zambezi\Climate\SoilMoisture\10to40\10_40Clip\10to40.gdb\tavg_1606_WMA
160,Jambezi,7,2.000000000000000,0.019999999999998,1797,1829,32,1813.000000000000000,16.000000000000000,3626.000000000000000,2,1797,1797,1797,1829,1606,16,6,C:\Users\kem99059\Desktop\Zambezi\Climate\SoilMoisture\10to40\10_40Clip\10to40.gdb\tavg_1606_WMA
161,Kachecheti,8,2.000000000000000,0.019999999999998,1784,1819,35,1801.500000000000000,17.500000000000000,3603.000000000000000,2,1784,1784,1784,1819,1606,16,6,C:\Users\kem99059\Desktop\Zambezi\Climate\SoilMoisture\10to40\10_40Clip\10to40.gdb\tavg_1606_WMA
162,Mabale,9,1.000000000000000,0.009999999999999,1700,1700,0,1700.000000000000000,0.000000000000000,1700.000000000000000,1,1700,1700,1700,1700,1606,16,6,C:\Users\kem99059\Desktop\Zambezi\Climate\SoilMoisture\10to40\10_40Clip\10to40.gdb\tavg_1606_WMA
163,Nekatambe,1,4.000000000000000,0.039999999999995,1621,2760,1139,2180.750000000000000,555.518395284981000,8723.000000000000000,4,1621,1621,1630,2760,1607,16,7,C:\Users\kem99059\Desktop\Zambezi\Climate\SoilMoisture\10to40\10_40Clip\10to40.gdb\tavg_1607_WMA
164,Nemananga,2,2.000000000000000,0.019999999999998,1530,1763,233,1646.500000000000000,116.500000000000000,3293.000000000000000,2,1530,1530,1530,1763,1607,16,7,C:\Users\kem99059\Desktop\Zambezi\Climate\SoilMoisture\10to40\10_40Clip\10to40.gdb\tavg_1607_WMA
165,Sidinda,3,6.000000000000000,0.059999999999993,1631,2826,1195,2221.166666666670000,544.282835992056000,13327.000000000000000,6,1631,1631,1712,2826,1607,16,7,C:\Users\kem99059\Desktop\Zambezi\Climate\SoilMoisture\10to40\10_40Clip\10to40.gdb\tavg_1607_WMA
166,Simangani,4,5.000000000000000,0.049999999999994,1476,2675,1199,2207.400000000000000,547.449942917158000,11037.000000000000000,5,1476,1476,2624,2675,1607,16,7,C:\Users\kem99059\Desktop\Zambezi\Climate\SoilMoisture\10to40\10_40Clip\10to40.gdb\tavg_1607_WMA
167,Unknown 16,5,1.000000000000000,0.009999999999999,1598,1598,0,1598.000000000000000,0.000000000000000,1598.000000000000000,1,1598,1598,1598,1598,1607,16,7,C:\Users\kem99059\Desktop\Zambezi\Climate\SoilMoisture\10to40\10_40Clip\10to40.gdb\tavg_1607_WMA
168,Chidobe,6,1.000000000000000,0.009999999999999,1679,1679,0,1679.000000000000000,0.000000000000000,1679.000000000000000,1,1679,1679,1679,1679,1607,16,7,C:\Users\kem99059\Desktop\Zambezi\Climate\SoilMoisture\10to40\10_40Clip\10to40.gdb\tavg_1607_WMA
169,Jambezi,7,2.000000000000000,0.019999999999998,1715,1748,33,1731.500000000000000,16.500000000000000,3463.000000000000000,2,1715,1715,1715,1748,1607,16,7,C:\Users\kem99059\Desktop\Zambezi\Climate\SoilMoisture\10to40\10_40Clip\10to40.gdb\tavg_1607_WMA
170,Kachecheti,8,2.000000000000000,0.019999999999998,1705,1738,33,1721.500000000000000,16.500000000000000,3443.000000000000000,2,1705,1705,1705,1738,1607,16,7,C:\Users\kem99059\Desktop\Zambezi\Climate\SoilMoisture\10to40\10_40Clip\10to40.gdb\tavg_1607_WMA
171,Mabale,9,1.000000000000000,0.009999999999999,1608,1608,0,1608.000000000000000,0.000000000000000,1608.000000000000000,1,1608,1608,1608,1608,1607,16,7,C:\Users\kem99059\Desktop\Zambezi\Climate\SoilMoisture\10to40\10_40Clip\10to40.gdb\tavg_1607_WMA
172,Nekatambe,1,4.000000000000000,0.039999999999995,1585,2716,1131,2139.250000000000000,552.035947651962000,8557.000000000000000,4,1585,1585,1590,2716,1608,16,8,C:\Users\kem99059\Desktop\Zambezi\Climate\SoilMoisture\10to40\10_40Clip\10to40.gdb\tavg_1608_WMA
173,Nemananga,2,2.000000000000000,0.019999999999998,1496,1715,219,1605.500000000000000,109.500000000000000,3211.000000000000000,2,1496,1496,1496,1715,1608,16,8,C:\Users\kem99059\Desktop\Zambezi\Climate\SoilMoisture\10to40\10_40Clip\10to40.gdb\tavg_1608_WMA
174,Sidinda,3,6.000000000000000,0.059999999999993,1596,2802,1206,2186.166666666670000,548.717114934665000,13117.000000000000000,6,1596,1596,1671,2802,1608,16,8,C:\Users\kem99059\Desktop\Zambezi\Climate\SoilMoisture\10to40\10_40Clip\10to40.gdb\tavg_1608_WMA
175,Simangani,4,5.000000000000000,0.049999999999994,1455,2629,1174,2170.000000000000000,539.456763791131000,10850.000000000000000,5,1455,1455,2582,2629,1608,16,8,C:\Users\kem99059\Desktop\Zambezi\Climate\SoilMoisture\10to40\10_40Clip\10to40.gdb\tavg_1608_WMA
176,Unknown 16,5,1.000000000000000,0.009999999999999,1564,1564,0,1564.000000000000000,0.000000000000000,1564.000000000000000,1,1564,1564,1564,1564,1608,16,8,C:\Users\kem99059\Desktop\Zambezi\Climate\SoilMoisture\10to40\10_40Clip\10to40.gdb\tavg_1608_WMA
177,Chidobe,6,1.000000000000000,0.009999999999999,1635,1635,0,1635.000000000000000,0.000000000000000,1635.000000000000000,1,1635,1635,1635,1635,1608,16,8,C:\Users\kem99059\Desktop\Zambezi\Climate\SoilMoisture\10to40\10_40Clip\10to40.gdb\tavg_1608_WMA
178,Jambezi,7,2.000000000000000,0.019999999999998,1670,1703,33,1686.500000000000000,16.500000000000000,3373.000000000000000,2,1670,1670,1670,1703,1608,16,8,C:\Users\kem99059\Desktop\Zambezi\Climate\SoilMoisture\10to40\10_40Clip\10to40.gdb\tavg_1608_WMA
179,Kachecheti,8,2.000000000000000,0.019999999999998,1659,1690,31,1674.500000000000000,15.500000000000000,3349.000000000000000,2,1659,1659,1659,1690,1608,16,8,C:\Users\kem99059\Desktop\Zambezi\Climate\SoilMoisture\10to40\10_40Clip\10to40.gdb\tavg_1608_WMA
180,Mabale,9,1.000000000000000,0.009999999999999,1563,1563,0,1563.000000000000000,0.000000000000000,1563.000000000000000,1,1563,1563,1563,1563,1608,16,8,C:\Users\kem99059\Desktop\Zambezi\Climate\SoilMoisture\10to40\10_40Clip\10to40.gdb\tavg_1608_WMA
181,Nekatambe,1,4.000000000000000,0.039999999999995,1567,2699,1132,2121.500000000000000,552.297247865676000,8486.000000000000000,4,1567,1567,1572,2699,1609,16,9,C:\Users\kem99059\Desktop\Zambezi\Climate\SoilMoisture\10to40\10_40Clip\10to40.gdb\tavg_1609_WMA
182,Nemananga,2,2.000000000000000,0.019999999999998,1478,1690,212,1584.000000000000000,106.000000000000000,3168.000000000000000,2,1478,1478,1478,1690,1609,16,9,C:\Users\kem99059\Desktop\Zambezi\Climate\SoilMoisture\10to40\10_40Clip\10to40.gdb\tavg_1609_WMA
183,Sidinda,3,6.000000000000000,0.059999999999993,1579,2799,1220,2171.666666666670000,554.022161610486000,13030.000000000000000,6,1579,1579,1650,2799,1609,16,9,C:\Users\kem99059\Desktop\Zambezi\Climate\SoilMoisture\10to40\10_40Clip\10to40.gdb\tavg_1609_WMA
184,Simangani,4,5.000000000000000,0.049999999999994,1444,2609,1165,2152.600000000000000,536.178552349868000,10763.000000000000000,5,1444,1444,2562,2609,1609,16,9,C:\Users\kem99059\Desktop\Zambezi\Climate\SoilMoisture\10to40\10_40Clip\10to40.gdb\tavg_1609_WMA
185,Unknown 16,5,1.000000000000000,0.009999999999999,1549,1549,0,1549.000000000000000,0.000000000000000,1549.000000000000000,1,1549,1549,1549,1549,1609,16,9,C:\Users\kem99059\Desktop\Zambezi\Climate\SoilMoisture\10to40\10_40Clip\10to40.gdb\tavg_1609_WMA
186,Chidobe,6,1.000000000000000,0.009999999999999,1611,1611,0,1611.000000000000000,0.000000000000000,1611.000000000000000,1,1611,1611,1611,1611,1609,16,9,C:\Users\kem99059\Desktop\Zambezi\Climate\SoilMoisture\10to40\10_40Clip\10to40.gdb\tavg_1609_WMA
187,Jambezi,7,2.000000000000000,0.019999999999998,1647,1679,32,1663.000000000000000,16.000000000000000,3326.000000000000000,2,1647,1647,1647,1679,1609,16,9,C:\Users\kem99059\Desktop\Zambezi\Climate\SoilMoisture\10to40\10_40Clip\10to40.gdb\tavg_1609_WMA
188,Kachecheti,8,2.000000000000000,0.019999999999998,1634,1665,31,1649.500000000000000,15.500000000000000,3299.000000000000000,2,1634,1634,1634,1665,1609,16,9,C:\Users\kem99059\Desktop\Zambezi\Climate\SoilMoisture\10to40\10_40Clip\10to40.gdb\tavg_1609_WMA
189,Mabale,9,1.000000000000000,0.009999999999999,1542,1542,0,1542.000000000000000,0.000000000000000,1542.000000000000000,1,1542,1542,1542,1542,1609,16,9,C:\Users\kem99059\Desktop\Zambezi\Climate\SoilMoisture\10to40\10_40Clip\10to40.gdb\tavg_1609_WMA
190,Nekatambe,1,4.000000000000000,0.039999999999995,1554,2687,1133,2108.000000000000000,552.818686370133000,8432.000000000000000,4,1554,1554,1557,2687,1610,16,10,C:\Users\kem99059\Desktop\Zambezi\Climate\SoilMoisture\10to40\10_40Clip\10to40.gdb\tavg_1610_WMA
191,Nemananga,2,2.000000000000000,0.019999999999998,1464,1669,205,1566.500000000000000,102.500000000000000,3133.000000000000000,2,1464,1464,1464,1669,1610,16,10,C:\Users\kem99059\Desktop\Zambezi\Climate\SoilMoisture\10to40\10_40Clip\10to40.gdb\tavg_1610_WMA
192,Sidinda,3,6.000000000000000,0.059999999999993,1565,2797,1232,2160.000000000000000,558.177391158044000,12960.000000000000000,6,1565,1565,1633,2797,1610,16,10,C:\Users\kem99059\Desktop\Zambezi\Climate\SoilMoisture\10to40\10_40Clip\10to40.gdb\tavg_1610_WMA
193,Simangani,4,5.000000000000000,0.049999999999994,1436,2594,1158,2138.800000000000000,533.410686057188000,10694.000000000000000,5,1436,1436,2545,2594,1610,16,10,C:\Users\kem99059\Desktop\Zambezi\Climate\SoilMoisture\10to40\10_40Clip\10to40.gdb\tavg_1610_WMA
194,Unknown 16,5,1.000000000000000,0.009999999999999,1537,1537,0,1537.000000000000000,0.000000000000000,1537.000000000000000,1,1537,1537,1537,1537,1610,16,10,C:\Users\kem99059\Desktop\Zambezi\Climate\SoilMoisture\10to40\10_40Clip\10to40.gdb\tavg_1610_WMA
195,Chidobe,6,1.000000000000000,0.009999999999999,1593,1593,0,1593.000000000000000,0.000000000000000,1593.000000000000000,1,1593,1593,1593,1593,1610,16,10,C:\Users\kem99059\Desktop\Zambezi\Climate\SoilMoisture\10to40\10_40Clip\10to40.gdb\tavg_1610_WMA
196,Jambezi,7,2.000000000000000,0.019999999999998,1629,1660,31,1644.500000000000000,15.500000000000000,3289.000000000000000,2,1629,1629,1629,1660,1610,16,10,C:\Users\kem99059\Desktop\Zambezi\Climate\SoilMoisture\10to40\10_40Clip\10to40.gdb\tavg_1610_WMA
197,Kachecheti,8,2.000000000000000,0.019999999999998,1615,1645,30,1630.000000000000000,15.000000000000000,3260.000000000000000,2,1615,1615,1615,1645,1610,16,10,C:\Users\kem99059\Desktop\Zambezi\Climate\SoilMoisture\10to40\10_40Clip\10to40.gdb\tavg_1610_WMA
198,Mabale,9,1.000000000000000,0.009999999999999,1527,1527,0,1527.000000000000000,0.000000000000000,1527.000000000000000,1,1527,1527,1527,1527,1610,16,10,C:\Users\kem99059\Desktop\Zambezi\Climate\SoilMoisture\10to40\10_40Clip\10to40.gdb\tavg_1610_WMA
199,Nekatambe,1,4.000000000000000,0.039999999999995,1583,2730,1147,2141.250000000000000,549.519506023217000,8565.000000000000000,4,1583,1583,1602,2730,1611,16,11,C:\Users\kem99059\Desktop\Zambezi\Climate\SoilMoisture\10to40\10_40Clip\10to40.gdb\tavg_1611_WMA
200,Nemananga,2,2.000000000000000,0.019999999999998,1590,1737,147,1663.500000000000000,73.500000000000000,3327.000000000000000,2,1590,1590,1590,1737,1611,16,11,C:\Users\kem99059\Desktop\Zambezi\Climate\SoilMoisture\10to40\10_40Clip\10to40.gdb\tavg_1611_WMA
201,Sidinda,3,6.000000000000000,0.059999999999993,1592,2805,1213,2191.333333333330000,538.746590605350000,13148.000000000000000,6,1592,1592,1703,2805,1611,16,11,C:\Users\kem99059\Desktop\Zambezi\Climate\SoilMoisture\10to40\10_40Clip\10to40.gdb\tavg_1611_WMA
202,Simangani,4,5.000000000000000,0.049999999999994,1477,2572,1095,2140.400000000000000,510.982034909252000,10702.000000000000000,5,1477,1477,2533,2572,1611,16,11,C:\Users\kem99059\Desktop\Zambezi\Climate\SoilMoisture\10to40\10_40Clip\10to40.gdb\tavg_1611_WMA
203,Unknown 16,5,1.000000000000000,0.009999999999999,1550,1550,0,1550.000000000000000,0.000000000000000,1550.000000000000000,1,1550,1550,1550,1550,1611,16,11,C:\Users\kem99059\Desktop\Zambezi\Climate\SoilMoisture\10to40\10_40Clip\10to40.gdb\tavg_1611_WMA
204,Chidobe,6,1.000000000000000,0.009999999999999,1720,1720,0,1720.000000000000000,0.000000000000000,1720.000000000000000,1,1720,1720,1720,1720,1611,16,11,C:\Users\kem99059\Desktop\Zambezi\Climate\SoilMoisture\10to40\10_40Clip\10to40.gdb\tavg_1611_WMA
205,Jambezi,7,2.000000000000000,0.019999999999998,1728,1734,6,1731.000000000000000,3.000000000000000,3462.000000000000000,2,1728,1728,1728,1734,1611,16,11,C:\Users\kem99059\Desktop\Zambezi\Climate\SoilMoisture\10to40\10_40Clip\10to40.gdb\tavg_1611_WMA
206,Kachecheti,8,2.000000000000000,0.019999999999998,1734,1745,11,1739.500000000000000,5.500000000000000,3479.000000000000000,2,1734,1734,1734,1745,1611,16,11,C:\Users\kem99059\Desktop\Zambezi\Climate\SoilMoisture\10to40\10_40Clip\10to40.gdb\tavg_1611_WMA
207,Mabale,9,1.000000000000000,0.009999999999999,1666,1666,0,1666.000000000000000,0.000000000000000,1666.000000000000000,1,1666,1666,1666,1666,1611,16,11,C:\Users\kem99059\Desktop\Zambezi\Climate\SoilMoisture\10to40\10_40Clip\10to40.gdb\tavg_1611_WMA
208,Nekatambe,1,4.000000000000000,0.039999999999995,2448,3260,812,2843.750000000000000,382.189988749051000,11375.000000000000000,4,2448,2448,2477,3260,1612,16,12,C:\Users\kem99059\Desktop\Zambezi\Climate\SoilMoisture\10to40\10_40Clip\10to40.gdb\tavg_1612_WMA
209,Nemananga,2,2.000000000000000,0.019999999999998,2671,2679,8,2675.000000000000000,4.000000000000000,5350.000000000000000,2,2671,2671,2671,2679,1612,16,12,C:\Users\kem99059\Desktop\Zambezi\Climate\SoilMoisture\10to40\10_40Clip\10to40.gdb\tavg_1612_WMA
210,Sidinda,3,6.000000000000000,0.059999999999993,2552,3309,757,2954.166666666670000,336.116753855297000,17725.000000000000000,6,2552,2552,2706,3309,1612,16,12,C:\Users\kem99059\Desktop\Zambezi\Climate\SoilMoisture\10to40\10_40Clip\10to40.gdb\tavg_1612_WMA
211,Simangani,4,5.000000000000000,0.049999999999994,2450,3126,676,2853.000000000000000,325.433249684171000,14265.000000000000000,5,2450,2450,3109,3126,1612,16,12,C:\Users\kem99059\Desktop\Zambezi\Climate\SoilMoisture\10to40\10_40Clip\10to40.gdb\tavg_1612_WMA
212,Unknown 16,5,1.000000000000000,0.009999999999999,2445,2445,0,2445.000000000000000,0.000000000000000,2445.000000000000000,1,2445,2445,2445,2445,1612,16,12,C:\Users\kem99059\Desktop\Zambezi\Climate\SoilMoisture\10to40\10_40Clip\10to40.gdb\tavg_1612_WMA
213,Chidobe,6,1.000000000000000,0.009999999999999,2802,2802,0,2802.000000000000000,0.000000000000000,2802.000000000000000,1,2802,2802,2802,2802,1612,16,12,C:\Users\kem99059\Desktop\Zambezi\Climate\SoilMoisture\10to40\10_40Clip\10to40.gdb\tavg_1612_WMA
214,Jambezi,7,2.000000000000000,0.019999999999998,2682,2752,70,2717.000000000000000,35.000000000000000,5434.000000000000000,2,2682,2682,2682,2752,1612,16,12,C:\Users\kem99059\Desktop\Zambezi\Climate\SoilMoisture\10to40\10_40Clip\10to40.gdb\tavg_1612_WMA
215,Kachecheti,8,2.000000000000000,0.019999999999998,2727,2793,66,2760.000000000000000,33.000000000000000,5520.000000000000000,2,2727,2727,2727,2793,1612,16,12,C:\Users\kem99059\Desktop\Zambezi\Climate\SoilMoisture\10to40\10_40Clip\10to40.gdb\tavg_1612_WMA
216,Mabale,9,1.000000000000000,0.009999999999999,2616,2616,0,2616.000000000000000,0.000000000000000,2616.000000000000000,1,2616,2616,2616,2616,1612,16,12,C:\Users\kem99059\Desktop\Zambezi\Climate\SoilMoisture\10to40\10_40Clip\10to40.gdb\tavg_1612_WMA