OID_	NAME	ZONE_CODE	COUNT	AREA	MIN	MAX	RANGE	MEAN	STD	SUM	VARIETY	MAJORITY	MINORITY	MEDIAN	PCT90	Date	Year	Month	MERGE_SRC
0	Nekatambe	1	4	0.04	3403	3926	523	3664	242.3272581	14656	4	3403	3403	3442	3926	201701	2017	1	 
1	Nemananga	2	2	0.02	3499	3530	31	3514.5	15.5	7029	2	3499	3499	3499	3530	201701	2017	1	 
2	Sidinda	3	6	0.06	3414	3853	439	3653.166667	192.8534994	21919	6	3414	3414	3531	3853	201701	2017	1	 
3	Simangani	4	5	0.05	3338	3836	498	3639	222.8111308	18195	5	3338	3338	3798	3836	201701	2017	1	 
4	Unknown 16	5	1	0.01	3387	3387	0	3387	0	3387	1	3387	3387	3387	3387	201701	2017	1	 
5	Chidobe	6	1	0.01	3776	3776	0	3776	0	3776	1	3776	3776	3776	3776	201701	2017	1	 
6	Jambezi	7	2	0.02	3502	3537	35	3519.5	17.5	7039	2	3502	3502	3502	3537	201701	2017	1	 
7	Kachecheti	8	2	0.02	3627	3702	75	3664.5	37.5	7329	2	3627	3627	3627	3702	201701	2017	1	 
8	Mabale	9	1	0.01	3502	3502	0	3502	0	3502	1	3502	3502	3502	3502	201701	2017	1	 
9	Nekatambe	1	4	0.04	3739	4119	380	3933.25	161.0688905	15733	4	3739	3739	3812	4119	201702	2017	2	 
10	Nemananga	2	2	0.02	3864	3888	24	3876	12	7752	2	3864	3864	3864	3888	201702	2017	2	 
11	Sidinda	3	6	0.06	3725	4059	334	3913.333333	140.5022736	23480	6	3725	3725	3810	4059	201702	2017	2	 
12	Simangani	4	5	0.05	3641	4018	377	3865	165.473865	19325	5	3641	3641	3986	4018	201702	2017	2	 
13	Unknown 16	5	1	0.01	3615	3615	0	3615	0	3615	1	3615	3615	3615	3615	201702	2017	2	 
14	Chidobe	6	1	0.01	4053	4053	0	4053	0	4053	1	4053	4053	4053	4053	201702	2017	2	 
15	Jambezi	7	2	0.02	3830	3845	15	3837.5	7.5	7675	2	3830	3830	3830	3845	201702	2017	2	 
16	Kachecheti	8	2	0.02	3969	4006	37	3987.5	18.5	7975	2	3969	3969	3969	4006	201702	2017	2	 
17	Mabale	9	1	0.01	3953	3953	0	3953	0	3953	1	3953	3953	3953	3953	201702	2017	2	 
18	Nekatambe	1	4	0.04	3768	4112	344	3959	154.0568077	15836	4	3768	3768	3847	4112	201703	2017	3	 
19	Nemananga	2	2	0.02	3852	3931	79	3891.5	39.5	7783	2	3852	3852	3852	3931	201703	2017	3	 
20	Sidinda	3	6	0.06	3735	4134	399	3954.833333	170.1934357	23729	6	3735	3735	3823	4134	201703	2017	3	 
21	Simangani	4	5	0.05	3665	4107	442	3948	188.7474503	19740	5	3665	3665	4094	4107	201703	2017	3	 
22	Unknown 16	5	1	0.01	3714	3714	0	3714	0	3714	1	3714	3714	3714	3714	201703	2017	3	 
23	Chidobe	6	1	0.01	4048	4048	0	4048	0	4048	1	4048	4048	4048	4048	201703	2017	3	 
24	Jambezi	7	2	0.02	3832	3846	14	3839	7	7678	2	3832	3832	3832	3846	201703	2017	3	 
25	Kachecheti	8	2	0.02	4027	4030	3	4028.5	1.5	8057	2	4027	4027	4027	4030	201703	2017	3	 
26	Mabale	9	1	0.01	3943	3943	0	3943	0	3943	1	3943	3943	3943	3943	201703	2017	3	 
27	Nekatambe	1	4	0.04	2995	3675	680	3373.5	295.9801514	13494	4	2995	2995	3174	3675	201704	2017	4	 
28	Nemananga	2	2	0.02	3086	3285	199	3185.5	99.5	6371	2	3086	3086	3086	3285	201704	2017	4	 
29	Sidinda	3	6	0.06	3019	3658	639	3354.5	289.0131197	20127	6	3019	3019	3115	3658	201704	2017	4	 
30	Simangani	4	5	0.05	2759	3638	879	3343.8	362.9216995	16719	5	2759	2759	3614	3638	201704	2017	4	 
31	Unknown 16	5	1	0.01	2974	2974	0	2974	0	2974	1	2974	2974	2974	2974	201704	2017	4	 
32	Chidobe	6	1	0.01	3353	3353	0	3353	0	3353	1	3353	3353	3353	3353	201704	2017	4	 
33	Jambezi	7	2	0.02	3135	3180	45	3157.5	22.5	6315	2	3135	3135	3135	3180	201704	2017	4	 
34	Kachecheti	8	2	0.02	3350	3384	34	3367	17	6734	2	3350	3350	3350	3384	201704	2017	4	 
35	Mabale	9	1	0.01	3287	3287	0	3287	0	3287	1	3287	3287	3287	3287	201704	2017	4	 
36	Nekatambe	1	4	0.04	2550	3465	915	3048.5	418.2932584	12194	4	2550	2550	2719	3465	201705	2017	5	 
37	Nemananga	2	2	0.02	2532	2865	333	2698.5	166.5	5397	2	2532	2532	2532	2865	201705	2017	5	 
38	Sidinda	3	6	0.06	2580	3510	930	3066	435.4388591	18396	6	2580	2580	2686	3510	201705	2017	5	 
39	Simangani	4	5	0.05	2253	3464	1211	3046.8	514.9327723	15234	5	2253	2253	3453	3464	201705	2017	5	 
40	Unknown 16	5	1	0.01	2519	2519	0	2519	0	2519	1	2519	2519	2519	2519	201705	2017	5	 
41	Chidobe	6	1	0.01	2905	2905	0	2905	0	2905	1	2905	2905	2905	2905	201705	2017	5	 
42	Jambezi	7	2	0.02	2688	2756	68	2722	34	5444	2	2688	2688	2688	2756	201705	2017	5	 
43	Kachecheti	8	2	0.02	2888	2960	72	2924	36	5848	2	2888	2888	2888	2960	201705	2017	5	 
44	Mabale	9	1	0.01	2782	2782	0	2782	0	2782	1	2782	2782	2782	2782	201705	2017	5	 
45	Nekatambe	1	4	0.04	2235	3417	1182	2854	560.1450705	11416	4	2235	2235	2356	3417	201706	2017	6	 
46	Nemananga	2	2	0.02	2137	2555	418	2346	209	4692	2	2137	2137	2137	2555	201706	2017	6	 
47	Sidinda	3	6	0.06	2256	3498	1242	2901	582.6193726	17406	6	2256	2256	2387	3498	201706	2017	6	 
48	Simangani	4	5	0.05	1930	3426	1496	2886	658.5083143	14430	5	1930	1930	3405	3426	201706	2017	6	 
49	Unknown 16	5	1	0.01	2175	2175	0	2175	0	2175	1	2175	2175	2175	2175	201706	2017	6	 
50	Chidobe	6	1	0.01	2547	2547	0	2547	0	2547	1	2547	2547	2547	2547	201706	2017	6	 
51	Jambezi	7	2	0.02	2366	2452	86	2409	43	4818	2	2366	2366	2366	2452	201706	2017	6	 
52	Kachecheti	8	2	0.02	2552	2638	86	2595	43	5190	2	2552	2552	2552	2638	201706	2017	6	 
53	Mabale	9	1	0.01	2351	2351	0	2351	0	2351	1	2351	2351	2351	2351	201706	2017	6	 
54	Nekatambe	1	4	0.04	2068	3375	1307	2742.25	629.0995052	10969	4	2068	2068	2160	3375	201707	2017	7	 
55	Nemananga	2	2	0.02	1937	2380	443	2158.5	221.5	4317	2	1937	1937	1937	2380	201707	2017	7	 
56	Sidinda	3	6	0.06	2087	3473	1386	2804.333333	652.5975449	16826	6	2087	2087	2224	3473	201707	2017	7	 
57	Simangani	4	5	0.05	1774	3391	1617	2796.4	723.7581364	13982	4	3391	1774	3366	3391	201707	2017	7	 
58	Unknown 16	5	1	0.01	2001	2001	0	2001	0	2001	1	2001	2001	2001	2001	201707	2017	7	 
59	Chidobe	6	1	0.01	2348	2348	0	2348	0	2348	1	2348	2348	2348	2348	201707	2017	7	 
60	Jambezi	7	2	0.02	2194	2285	91	2239.5	45.5	4479	2	2194	2194	2194	2285	201707	2017	7	 
61	Kachecheti	8	2	0.02	2363	2451	88	2407	44	4814	2	2363	2363	2363	2451	201707	2017	7	 
62	Mabale	9	1	0.01	2115	2115	0	2115	0	2115	1	2115	2115	2115	2115	201707	2017	7	 
63	Nekatambe	1	4	0.04	1978	3357	1379	2684.5	669.5298724	10738	4	1978	1978	2053	3357	201708	2017	8	 
64	Nemananga	2	2	0.02	1826	2276	450	2051	225	4102	2	1826	1826	1826	2276	201708	2017	8	 
65	Sidinda	3	6	0.06	1999	3459	1460	2753	690.8239042	16518	6	1999	1999	2134	3459	201708	2017	8	 
66	Simangani	4	5	0.05	1695	3380	1685	2753.4	759.5816217	13767	5	1695	1695	3351	3380	201708	2017	8	 
67	Unknown 16	5	1	0.01	1913	1913	0	1913	0	1913	1	1913	1913	1913	1913	201708	2017	8	 
68	Chidobe	6	1	0.01	2229	2229	0	2229	0	2229	1	2229	2229	2229	2229	201708	2017	8	 
69	Jambezi	7	2	0.02	2098	2190	92	2144	46	4288	2	2098	2098	2098	2190	201708	2017	8	 
70	Kachecheti	8	2	0.02	2248	2337	89	2292.5	44.5	4585	2	2248	2248	2248	2337	201708	2017	8	 
71	Mabale	9	1	0.01	1987	1987	0	1987	0	1987	1	1987	1987	1987	1987	201708	2017	8	 
72	Nekatambe	1	4	0.04	1931	3354	1423	2658	693.906694	10632	4	1931	1931	1998	3354	201709	2017	9	 
73	Nemananga	2	2	0.02	1761	2216	455	1988.5	227.5	3977	2	1761	1761	1761	2216	201709	2017	9	 
74	Sidinda	3	6	0.06	1954	3453	1499	2726.5	711.893426	16359	6	1954	1954	2085	3453	201709	2017	9	 
75	Simangani	4	5	0.05	1653	3379	1726	2735	780.9519832	13675	5	1653	1653	3352	3379	201709	2017	9	 
76	Unknown 16	5	1	0.01	1870	1870	0	1870	0	1870	1	1870	1870	1870	1870	201709	2017	9	 
77	Chidobe	6	1	0.01	2159	2159	0	2159	0	2159	1	2159	2159	2159	2159	201709	2017	9	 
78	Jambezi	7	2	0.02	2045	2137	92	2091	46	4182	2	2045	2045	2045	2137	201709	2017	9	 
79	Kachecheti	8	2	0.02	2180	2269	89	2224.5	44.5	4449	2	2180	2180	2180	2269	201709	2017	9	 
80	Mabale	9	1	0.01	1924	1924	0	1924	0	1924	1	1924	1924	1924	1924	201709	2017	9	 
81	Nekatambe	1	4	0.04	1894	3343	1449	2633	708.8289639	10532	4	1894	1894	1955	3343	201710	2017	10	 
82	Nemananga	2	2	0.02	1714	2168	454	1941	227	3882	2	1714	1714	1714	2168	201710	2017	10	 
83	Sidinda	3	6	0.06	1918	3439	1521	2701	724.2929886	16206	6	1918	1918	2044	3439	201710	2017	10	 
84	Simangani	4	5	0.05	1620	3368	1748	2715.2	792.7817859	13576	5	1620	1620	3343	3368	201710	2017	10	 
85	Unknown 16	5	1	0.01	1837	1837	0	1837	0	1837	1	1837	1837	1837	1837	201710	2017	10	 
86	Chidobe	6	1	0.01	2104	2104	0	2104	0	2104	1	2104	2104	2104	2104	201710	2017	10	 
87	Jambezi	7	2	0.02	2005	2094	89	2049.5	44.5	4099	2	2005	2005	2005	2094	201710	2017	10	 
88	Kachecheti	8	2	0.02	2127	2215	88	2171	44	4342	2	2127	2127	2127	2215	201710	2017	10	 
89	Mabale	9	1	0.01	1876	1876	0	1876	0	1876	1	1876	1876	1876	1876	201710	2017	10	 
90	Nekatambe	1	4	0.04	1944	3304	1360	2628	669.1023838	10512	4	1944	1944	1974	3304	201711	2017	11	 
91	Nemananga	2	2	0.02	1848	2274	426	2061	213	4122	2	1848	1848	1848	2274	201711	2017	11	 
92	Sidinda	3	6	0.06	1952	3392	1440	2706.5	668.7163699	16239	6	1952	1952	2097	3392	201711	2017	11	 
93	Simangani	4	5	0.05	1687	3328	1641	2709.8	741.1405805	13549	5	1687	1687	3289	3328	201711	2017	11	 
94	Unknown 16	5	1	0.01	1876	1876	0	1876	0	1876	1	1876	1876	1876	1876	201711	2017	11	 
95	Chidobe	6	1	0.01	2289	2289	0	2289	0	2289	1	2289	2289	2289	2289	201711	2017	11	 
96	Jambezi	7	2	0.02	2104	2155	51	2129.5	25.5	4259	2	2104	2104	2104	2155	201711	2017	11	 
97	Kachecheti	8	2	0.02	2323	2331	8	2327	4	4654	2	2323	2323	2323	2331	201711	2017	11	 
98	Mabale	9	1	0.01	1936	1936	0	1936	0	1936	1	1936	1936	1936	1936	201711	2017	11	 
99	Nekatambe	1	4	0.04	2157	3316	1159	2751	556.6852791	11004	4	2157	2157	2233	3316	201712	2017	12	 
100	Nemananga	2	2	0.02	2226	2522	296	2374	148	4748	2	2226	2226	2226	2522	201712	2017	12	 
101	Sidinda	3	6	0.06	2123	3307	1184	2765.666667	521.1652542	16594	6	2123	2123	2330	3307	201712	2017	12	 
102	Simangani	4	5	0.05	1891	3287	1396	2783.6	614.7850356	13918	5	1891	1891	3275	3287	201712	2017	12	 
103	Unknown 16	5	1	0.01	2109	2109	0	2109	0	2109	1	2109	2109	2109	2109	201712	2017	12	 
104	Chidobe	6	1	0.01	2717	2717	0	2717	0	2717	1	2717	2717	2717	2717	201712	2017	12	 
105	Jambezi	7	2	0.02	2395	2406	11	2400.5	5.5	4801	2	2395	2395	2395	2406	201712	2017	12	 
106	Kachecheti	8	2	0.02	2599	2680	81	2639.5	40.5	5279	2	2599	2599	2599	2680	201712	2017	12	 
107	Mabale	9	1	0.01	2322	2322	0	2322	0	2322	1	2322	2322	2322	2322	201712	2017	12	 
108	Nekatambe	1	4	0.04	2305	3233	928	2787.25	437.0459787	11149	4	2305	2305	2398	3233	201801	2018	1	 
109	Nemananga	2	2	0.02	2194	2426	232	2310	116	4620	2	2194	2194	2194	2426	201801	2018	1	 
110	Sidinda	3	6	0.06	2205	3185	980	2714.666667	444.9691625	16288	6	2205	2205	2331	3185	201801	2018	1	 
111	Simangani	4	5	0.05	2064	3201	1137	2806.6	483.394911	14033	5	2064	2064	3180	3201	201801	2018	1	 
112	Unknown 16	5	1	0.01	2316	2316	0	2316	0	2316	1	2316	2316	2316	2316	201801	2018	1	 
113	Chidobe	6	1	0.01	2669	2669	0	2669	0	2669	1	2669	2669	2669	2669	201801	2018	1	 
114	Jambezi	7	2	0.02	2335	2372	37	2353.5	18.5	4707	2	2335	2335	2335	2372	201801	2018	1	 
115	Kachecheti	8	2	0.02	2569	2632	63	2600.5	31.5	5201	2	2569	2569	2569	2632	201801	2018	1	 
116	Mabale	9	1	0.01	2414	2414	0	2414	0	2414	1	2414	2414	2414	2414	201801	2018	1	 
117	Nekatambe	1	4	0.04	3603	4078	475	3842	223.9430731	15368	4	3603	3603	3634	4078	201802	2018	2	 
118	Nemananga	2	2	0.02	3697	3737	40	3717	20	7434	2	3697	3697	3697	3737	201802	2018	2	 
119	Sidinda	3	6	0.06	3720	4096	376	3909.333333	174.4034276	23456	6	3720	3720	3754	4096	201802	2018	2	 
120	Simangani	4	5	0.05	3607	4086	479	3908.2	211.1505624	19541	5	3607	3607	4074	4086	201802	2018	2	 
121	Unknown 16	5	1	0.01	3663	3663	0	3663	0	3663	1	3663	3663	3663	3663	201802	2018	2	 
122	Chidobe	6	1	0.01	3795	3795	0	3795	0	3795	1	3795	3795	3795	3795	201802	2018	2	 
123	Jambezi	7	2	0.02	3720	3738	18	3729	9	7458	2	3720	3720	3720	3738	201802	2018	2	 
124	Kachecheti	8	2	0.02	3746	3756	10	3751	5	7502	2	3746	3746	3746	3756	201802	2018	2	 
125	Mabale	9	1	0.01	3565	3565	0	3565	0	3565	1	3565	3565	3565	3565	201802	2018	2	 
126	Nekatambe	1	4	0.04	3963	4143	180	4060.5	82.72998247	16242	4	3963	3963	3994	4143	201803	2018	3	 
127	Nemananga	2	2	0.02	4096	4096	0	4096	0	8192	1	4096	4096	4096	4096	201803	2018	3	 
128	Sidinda	3	6	0.06	4057	4179	122	4118.5	54.49388345	24711	6	4057	4057	4076	4179	201803	2018	3	 
129	Simangani	4	5	0.05	4042	4174	132	4118.8	58.47187358	20594	5	4042	4042	4162	4174	201803	2018	3	 
130	Unknown 16	5	1	0.01	4054	4054	0	4054	0	4054	1	4054	4054	4054	4054	201803	2018	3	 
131	Chidobe	6	1	0.01	4178	4178	0	4178	0	4178	1	4178	4178	4178	4178	201803	2018	3	 
132	Jambezi	7	2	0.02	4051	4087	36	4069	18	8138	2	4051	4051	4051	4087	201803	2018	3	 
133	Kachecheti	8	2	0.02	4141	4172	31	4156.5	15.5	8313	2	4141	4141	4141	4172	201803	2018	3	 
134	Mabale	9	1	0.01	3704	3704	0	3704	0	3704	1	3704	3704	3704	3704	201803	2018	3	 
135	Nekatambe	1	4	0.04	3386	3732	346	3567.75	162.376684	14271	4	3386	3386	3426	3732	201804	2018	4	 
136	Nemananga	2	2	0.02	3563	3622	59	3592.5	29.5	7185	2	3563	3563	3563	3622	201804	2018	4	 
137	Sidinda	3	6	0.06	3520	3805	285	3666.333333	123.7533389	21998	6	3520	3520	3562	3805	201804	2018	4	 
138	Simangani	4	5	0.05	3431	3772	341	3645.2	148.4282992	18226	5	3431	3431	3756	3772	201804	2018	4	 
139	Unknown 16	5	1	0.01	3513	3513	0	3513	0	3513	1	3513	3513	3513	3513	201804	2018	4	 
140	Chidobe	6	1	0.01	3688	3688	0	3688	0	3688	1	3688	3688	3688	3688	201804	2018	4	 
141	Jambezi	7	2	0.02	3572	3604	32	3588	16	7176	2	3572	3572	3572	3604	201804	2018	4	 
142	Kachecheti	8	2	0.02	3651	3657	6	3654	3	7308	2	3651	3651	3651	3657	201804	2018	4	 
143	Mabale	9	1	0.01	3088	3088	0	3088	0	3088	1	3088	3088	3088	3088	201804	2018	4	 
144	Nekatambe	1	4	0.04	2801	3524	723	3168.75	354.8692541	12675	4	2801	2801	2827	3524	201805	2018	5	 
145	Nemananga	2	2	0.02	2880	3113	233	2996.5	116.5	5993	2	2880	2880	2880	3113	201805	2018	5	 
146	Sidinda	3	6	0.06	2959	3606	647	3298.666667	298.5368021	19792	6	2959	2959	3033	3606	201805	2018	5	 
147	Simangani	4	5	0.05	2739	3576	837	3261.4	370.2991223	16307	5	2739	2739	3548	3576	201805	2018	5	 
148	Unknown 16	5	1	0.01	2900	2900	0	2900	0	2900	1	2900	2900	2900	2900	201805	2018	5	 
149	Chidobe	6	1	0.01	3116	3116	0	3116	0	3116	1	3116	3116	3116	3116	201805	2018	5	 
150	Jambezi	7	2	0.02	3053	3056	3	3054.5	1.5	6109	2	3053	3053	3053	3056	201805	2018	5	 
151	Kachecheti	8	2	0.02	3114	3133	19	3123.5	9.5	6247	2	3114	3114	3114	3133	201805	2018	5	 
152	Mabale	9	1	0.01	2465	2465	0	2465	0	2465	1	2465	2465	2465	2465	201805	2018	5	 
153	Nekatambe	1	4	0.04	2458	3469	1011	2964	502.01245	11856	4	2458	2458	2466	3469	201806	2018	6	 
154	Nemananga	2	2	0.02	2462	2830	368	2646	184	5292	2	2462	2462	2462	2830	201806	2018	6	 
155	Sidinda	3	6	0.06	2616	3591	975	3125.333333	450.6656805	18752	6	2616	2616	2731	3591	201806	2018	6	 
156	Simangani	4	5	0.05	2331	3537	1206	3076.2	541.5213385	15381	5	2331	2331	3494	3537	201806	2018	6	 
157	Unknown 16	5	1	0.01	2524	2524	0	2524	0	2524	1	2524	2524	2524	2524	201806	2018	6	 
158	Chidobe	6	1	0.01	2788	2788	0	2788	0	2788	1	2788	2788	2788	2788	201806	2018	6	 
159	Jambezi	7	2	0.02	2732	2764	32	2748	16	5496	2	2732	2732	2732	2764	201806	2018	6	 
160	Kachecheti	8	2	0.02	2800	2841	41	2820.5	20.5	5641	2	2800	2800	2800	2841	201806	2018	6	 
161	Mabale	9	1	0.01	2101	2101	0	2101	0	2101	1	2101	2101	2101	2101	201806	2018	6	 
162	Nekatambe	1	4	0.04	2263	3426	1163	2844	579.0056131	11376	4	2263	2263	2267	3426	201807	2018	7	 
163	Nemananga	2	2	0.02	2223	2655	432	2439	216	4878	2	2223	2223	2223	2655	201807	2018	7	 
164	Sidinda	3	6	0.06	2416	3561	1145	3013.666667	531.1693599	18082	6	2416	2416	2550	3561	201807	2018	7	 
165	Simangani	4	5	0.05	2105	3501	1396	2964.6	630.7616349	14823	5	2105	2105	3452	3501	201807	2018	7	 
166	Unknown 16	5	1	0.01	2310	2310	0	2310	0	2310	1	2310	2310	2310	2310	201807	2018	7	 
167	Chidobe	6	1	0.01	2586	2586	0	2586	0	2586	1	2586	2586	2586	2586	201807	2018	7	 
168	Jambezi	7	2	0.02	2538	2588	50	2563	25	5126	2	2538	2538	2538	2588	201807	2018	7	 
169	Kachecheti	8	2	0.02	2607	2659	52	2633	26	5266	2	2607	2607	2607	2659	201807	2018	7	 
170	Mabale	9	1	0.01	1917	1917	0	1917	0	1917	1	1917	1917	1917	1917	201807	2018	7	 
171	Nekatambe	1	4	0.04	2150	3405	1255	2779	624.0116185	11116	4	2150	2150	2160	3405	201808	2018	8	 
172	Nemananga	2	2	0.02	2072	2542	470	2307	235	4614	2	2072	2072	2072	2542	201808	2018	8	 
173	Sidinda	3	6	0.06	2304	3541	1237	2948.333333	577.4506232	17690	6	2304	2304	2442	3541	201808	2018	8	 
174	Simangani	4	5	0.05	1977	3481	1504	2903.8	680.8557556	14519	5	1977	1977	3432	3481	201808	2018	8	 
175	Unknown 16	5	1	0.01	2194	2194	0	2194	0	2194	1	2194	2194	2194	2194	201808	2018	8	 
176	Chidobe	6	1	0.01	2454	2454	0	2454	0	2454	1	2454	2454	2454	2454	201808	2018	8	 
177	Jambezi	7	2	0.02	2420	2479	59	2449.5	29.5	4899	2	2420	2420	2420	2479	201808	2018	8	 
178	Kachecheti	8	2	0.02	2479	2539	60	2509	30	5018	2	2479	2479	2479	2539	201808	2018	8	 
179	Mabale	9	1	0.01	1822	1822	0	1822	0	1822	1	1822	1822	1822	1822	201808	2018	8	 
180	Nekatambe	1	4	0.04	2088	3398	1310	2745.5	651.0170889	10982	4	2088	2088	2101	3398	201809	2018	9	 
181	Nemananga	2	2	0.02	1976	2472	496	2224	248	4448	2	1976	1976	1976	2472	201809	2018	9	 
182	Sidinda	3	6	0.06	2242	3530	1288	2911.333333	603.7194897	17468	6	2242	2242	2380	3530	201809	2018	9	 
183	Simangani	4	5	0.05	1902	3472	1570	2871.8	710.8801305	14359	5	1902	1902	3426	3472	201809	2018	9	 
184	Unknown 16	5	1	0.01	2132	2132	0	2132	0	2132	1	2132	2132	2132	2132	201809	2018	9	 
185	Chidobe	6	1	0.01	2368	2368	0	2368	0	2368	1	2368	2368	2368	2368	201809	2018	9	 
186	Jambezi	7	2	0.02	2350	2414	64	2382	32	4764	2	2350	2350	2350	2414	201809	2018	9	 
187	Kachecheti	8	2	0.02	2398	2462	64	2430	32	4860	2	2398	2398	2398	2462	201809	2018	9	 
188	Mabale	9	1	0.01	1774	1774	0	1774	0	1774	1	1774	1774	1774	1774	201809	2018	9	 
189	Nekatambe	1	4	0.04	2039	3383	1344	2714	668.5158936	10856	4	2039	2039	2052	3383	201810	2018	10	 
190	Nemananga	2	2	0.02	1904	2416	512	2160	256	4320	2	1904	1904	1904	2416	201810	2018	10	 
191	Sidinda	3	6	0.06	2191	3514	1323	2877.333333	621.6426269	17264	6	2191	2191	2327	3514	201810	2018	10	 
192	Simangani	4	5	0.05	1839	3456	1617	2840.6	730.6918913	14203	5	1839	1839	3411	3456	201810	2018	10	 
193	Unknown 16	5	1	0.01	2084	2084	0	2084	0	2084	1	2084	2084	2084	2084	201810	2018	10	 
194	Chidobe	6	1	0.01	2303	2303	0	2303	0	2303	1	2303	2303	2303	2303	201810	2018	10	 
195	Jambezi	7	2	0.02	2296	2361	65	2328.5	32.5	4657	2	2296	2296	2296	2361	201810	2018	10	 
196	Kachecheti	8	2	0.02	2334	2402	68	2368	34	4736	2	2334	2334	2334	2402	201810	2018	10	 
197	Mabale	9	1	0.01	1738	1738	0	1738	0	1738	1	1738	1738	1738	1738	201810	2018	10	 
198	Nekatambe	1	4	0.04	1934	3304	1370	2622	680.5214912	10488	4	1934	1934	1949	3304	201811	2018	11	 
199	Nemananga	2	2	0.02	1798	2303	505	2050.5	252.5	4101	2	1798	1798	1798	2303	201811	2018	11	 
200	Sidinda	3	6	0.06	2082	3452	1370	2790.166667	643.7285703	16741	6	2082	2082	2215	3452	201811	2018	11	 
201	Simangani	4	5	0.05	1732	3384	1652	2754.2	745.5761262	13771	5	1732	1732	3335	3384	201811	2018	11	 
202	Unknown 16	5	1	0.01	1980	1980	0	1980	0	1980	1	1980	1980	1980	1980	201811	2018	11	 
203	Chidobe	6	1	0.01	2190	2190	0	2190	0	2190	1	2190	2190	2190	2190	201811	2018	11	 
204	Jambezi	7	2	0.02	2188	2250	62	2219	31	4438	2	2188	2188	2188	2250	201811	2018	11	 
205	Kachecheti	8	2	0.02	2223	2289	66	2256	33	4512	2	2223	2223	2223	2289	201811	2018	11	 
206	Mabale	9	1	0.01	1670	1670	0	1670	0	1670	1	1670	1670	1670	1670	201811	2018	11	 
207	Nekatambe	1	4	0.04	1824	3100	1276	2464.25	633.2718117	9857	4	1824	1824	1838	3100	201812	2018	12	 
208	Nemananga	2	2	0.02	1779	2215	436	1997	218	3994	2	1779	1779	1779	2215	201812	2018	12	 
209	Sidinda	3	6	0.06	1972	3258	1286	2642	595.4773995	15852	6	1972	1972	2110	3258	201812	2018	12	 
210	Simangani	4	5	0.05	1667	3180	1513	2600.2	684.1775793	13001	5	1667	1667	3130	3180	201812	2018	12	 
211	Unknown 16	5	1	0.01	1882	1882	0	1882	0	1882	1	1882	1882	1882	1882	201812	2018	12	 
212	Chidobe	6	1	0.01	2166	2166	0	2166	0	2166	1	2166	2166	2166	2166	201812	2018	12	 
213	Jambezi	7	2	0.02	2117	2149	32	2133	16	4266	2	2117	2117	2117	2149	201812	2018	12	 
214	Kachecheti	8	2	0.02	2177	2203	26	2190	13	4380	2	2177	2177	2177	2203	201812	2018	12	 
215	Mabale	9	1	0.01	1657	1657	0	1657	0	1657	1	1657	1657	1657	1657	201812	2018	12	 
216	Nekatambe	1	4	0.04	3002	3657	655	3332.5	317.6716072	13330	4	3002	3002	3028	3657	1501	2015	1	C:\Users\kem99059\Desktop\Zambezi\Climate\SoilMoisture\10to40\10_40Clip\10to40.gdb\tavg_1501_WMA
217	Nemananga	2	2	0.02	3001	3111	110	3056	55	6112	2	3001	3001	3001	3111	1501	2015	1	C:\Users\kem99059\Desktop\Zambezi\Climate\SoilMoisture\10to40\10_40Clip\10to40.gdb\tavg_1501_WMA
218	Sidinda	3	6	0.06	2984	3653	669	3345.166667	299.2721263	20071	6	2984	2984	3101	3653	1501	2015	1	C:\Users\kem99059\Desktop\Zambezi\Climate\SoilMoisture\10to40\10_40Clip\10to40.gdb\tavg_1501_WMA
219	Simangani	4	5	0.05	2863	3646	783	3355	328.6377945	16775	5	2863	2863	3581	3646	1501	2015	1	C:\Users\kem99059\Desktop\Zambezi\Climate\SoilMoisture\10to40\10_40Clip\10to40.gdb\tavg_1501_WMA
220	Unknown 16	5	1	0.01	3011	3011	0	3011	0	3011	1	3011	3011	3011	3011	1501	2015	1	C:\Users\kem99059\Desktop\Zambezi\Climate\SoilMoisture\10to40\10_40Clip\10to40.gdb\tavg_1501_WMA
221	Chidobe	6	1	0.01	3136	3136	0	3136	0	3136	1	3136	3136	3136	3136	1501	2015	1	C:\Users\kem99059\Desktop\Zambezi\Climate\SoilMoisture\10to40\10_40Clip\10to40.gdb\tavg_1501_WMA
222	Jambezi	7	2	0.02	3093	3094	1	3093.5	0.5	6187	2	3093	3093	3093	3094	1501	2015	1	C:\Users\kem99059\Desktop\Zambezi\Climate\SoilMoisture\10to40\10_40Clip\10to40.gdb\tavg_1501_WMA
223	Kachecheti	8	2	0.02	3123	3134	11	3128.5	5.5	6257	2	3123	3123	3123	3134	1501	2015	1	C:\Users\kem99059\Desktop\Zambezi\Climate\SoilMoisture\10to40\10_40Clip\10to40.gdb\tavg_1501_WMA
224	Mabale	9	1	0.01	3028	3028	0	3028	0	3028	1	3028	3028	3028	3028	1501	2015	1	C:\Users\kem99059\Desktop\Zambezi\Climate\SoilMoisture\10to40\10_40Clip\10to40.gdb\tavg_1501_WMA
225	Nekatambe	1	4	0.04	2779	3609	830	3201.75	388.3203413	12807	4	2779	2779	2850	3609	1502	2015	2	C:\Users\kem99059\Desktop\Zambezi\Climate\SoilMoisture\10to40\10_40Clip\10to40.gdb\tavg_1502_WMA
226	Nemananga	2	2	0.02	2657	2860	203	2758.5	101.5	5517	2	2657	2657	2657	2860	1502	2015	2	C:\Users\kem99059\Desktop\Zambezi\Climate\SoilMoisture\10to40\10_40Clip\10to40.gdb\tavg_1502_WMA
227	Sidinda	3	6	0.06	2633	3546	913	3118	384.9818178	18708	6	2633	2633	2796	3546	1502	2015	2	C:\Users\kem99059\Desktop\Zambezi\Climate\SoilMoisture\10to40\10_40Clip\10to40.gdb\tavg_1502_WMA
228	Simangani	4	5	0.05	2499	3533	1034	3135	425.8943531	15675	5	2499	2499	3417	3533	1502	2015	2	C:\Users\kem99059\Desktop\Zambezi\Climate\SoilMoisture\10to40\10_40Clip\10to40.gdb\tavg_1502_WMA
229	Unknown 16	5	1	0.01	2690	2690	0	2690	0	2690	1	2690	2690	2690	2690	1502	2015	2	C:\Users\kem99059\Desktop\Zambezi\Climate\SoilMoisture\10to40\10_40Clip\10to40.gdb\tavg_1502_WMA
230	Chidobe	6	1	0.01	2793	2793	0	2793	0	2793	1	2793	2793	2793	2793	1502	2015	2	C:\Users\kem99059\Desktop\Zambezi\Climate\SoilMoisture\10to40\10_40Clip\10to40.gdb\tavg_1502_WMA
231	Jambezi	7	2	0.02	2806	2827	21	2816.5	10.5	5633	2	2806	2806	2806	2827	1502	2015	2	C:\Users\kem99059\Desktop\Zambezi\Climate\SoilMoisture\10to40\10_40Clip\10to40.gdb\tavg_1502_WMA
232	Kachecheti	8	2	0.02	2806	2846	40	2826	20	5652	2	2806	2806	2806	2846	1502	2015	2	C:\Users\kem99059\Desktop\Zambezi\Climate\SoilMoisture\10to40\10_40Clip\10to40.gdb\tavg_1502_WMA
233	Mabale	9	1	0.01	2874	2874	0	2874	0	2874	1	2874	2874	2874	2874	1502	2015	2	C:\Users\kem99059\Desktop\Zambezi\Climate\SoilMoisture\10to40\10_40Clip\10to40.gdb\tavg_1502_WMA
234	Nekatambe	1	4	0.04	1879	3069	1190	2481	573.9455549	9924	4	1879	1879	1936	3069	1503	2015	3	C:\Users\kem99059\Desktop\Zambezi\Climate\SoilMoisture\10to40\10_40Clip\10to40.gdb\tavg_1503_WMA
235	Nemananga	2	2	0.02	1722	2006	284	1864	142	3728	2	1722	1722	1722	2006	1503	2015	3	C:\Users\kem99059\Desktop\Zambezi\Climate\SoilMoisture\10to40\10_40Clip\10to40.gdb\tavg_1503_WMA
236	Sidinda	3	6	0.06	1795	3005	1210	2409.333333	548.6631227	14456	6	1795	1795	1909	3005	1503	2015	3	C:\Users\kem99059\Desktop\Zambezi\Climate\SoilMoisture\10to40\10_40Clip\10to40.gdb\tavg_1503_WMA
237	Simangani	4	5	0.05	1633	3009	1376	2486.4	577.6662012	12432	5	1633	1633	2894	3009	1503	2015	3	C:\Users\kem99059\Desktop\Zambezi\Climate\SoilMoisture\10to40\10_40Clip\10to40.gdb\tavg_1503_WMA
238	Unknown 16	5	1	0.01	1873	1873	0	1873	0	1873	1	1873	1873	1873	1873	1503	2015	3	C:\Users\kem99059\Desktop\Zambezi\Climate\SoilMoisture\10to40\10_40Clip\10to40.gdb\tavg_1503_WMA
239	Chidobe	6	1	0.01	1923	1923	0	1923	0	1923	1	1923	1923	1923	1923	1503	2015	3	C:\Users\kem99059\Desktop\Zambezi\Climate\SoilMoisture\10to40\10_40Clip\10to40.gdb\tavg_1503_WMA
240	Jambezi	7	2	0.02	1939	1944	5	1941.5	2.5	3883	2	1939	1939	1939	1944	1503	2015	3	C:\Users\kem99059\Desktop\Zambezi\Climate\SoilMoisture\10to40\10_40Clip\10to40.gdb\tavg_1503_WMA
241	Kachecheti	8	2	0.02	1921	1967	46	1944	23	3888	2	1921	1921	1921	1967	1503	2015	3	C:\Users\kem99059\Desktop\Zambezi\Climate\SoilMoisture\10to40\10_40Clip\10to40.gdb\tavg_1503_WMA
242	Mabale	9	1	0.01	2024	2024	0	2024	0	2024	1	2024	2024	2024	2024	1503	2015	3	C:\Users\kem99059\Desktop\Zambezi\Climate\SoilMoisture\10to40\10_40Clip\10to40.gdb\tavg_1503_WMA
243	Nekatambe	1	4	0.04	2225	3143	918	2707	419.2940496	10828	4	2225	2225	2356	3143	1504	2015	4	C:\Users\kem99059\Desktop\Zambezi\Climate\SoilMoisture\10to40\10_40Clip\10to40.gdb\tavg_1504_WMA
244	Nemananga	2	2	0.02	2227	2393	166	2310	83	4620	2	2227	2227	2227	2393	1504	2015	4	C:\Users\kem99059\Desktop\Zambezi\Climate\SoilMoisture\10to40\10_40Clip\10to40.gdb\tavg_1504_WMA
245	Sidinda	3	6	0.06	2231	3069	838	2661.166667	389.150535	15967	6	2231	2231	2315	3069	1504	2015	4	C:\Users\kem99059\Desktop\Zambezi\Climate\SoilMoisture\10to40\10_40Clip\10to40.gdb\tavg_1504_WMA
246	Simangani	4	5	0.05	2027	3092	1065	2714.8	431.0403229	13574	5	2027	2027	3011	3092	1504	2015	4	C:\Users\kem99059\Desktop\Zambezi\Climate\SoilMoisture\10to40\10_40Clip\10to40.gdb\tavg_1504_WMA
247	Unknown 16	5	1	0.01	2305	2305	0	2305	0	2305	1	2305	2305	2305	2305	1504	2015	4	C:\Users\kem99059\Desktop\Zambezi\Climate\SoilMoisture\10to40\10_40Clip\10to40.gdb\tavg_1504_WMA
248	Chidobe	6	1	0.01	2591	2591	0	2591	0	2591	1	2591	2591	2591	2591	1504	2015	4	C:\Users\kem99059\Desktop\Zambezi\Climate\SoilMoisture\10to40\10_40Clip\10to40.gdb\tavg_1504_WMA
249	Jambezi	7	2	0.02	2328	2378	50	2353	25	4706	2	2328	2328	2328	2378	1504	2015	4	C:\Users\kem99059\Desktop\Zambezi\Climate\SoilMoisture\10to40\10_40Clip\10to40.gdb\tavg_1504_WMA
250	Kachecheti	8	2	0.02	2538	2601	63	2569.5	31.5	5139	2	2538	2538	2538	2601	1504	2015	4	C:\Users\kem99059\Desktop\Zambezi\Climate\SoilMoisture\10to40\10_40Clip\10to40.gdb\tavg_1504_WMA
251	Mabale	9	1	0.01	2443	2443	0	2443	0	2443	1	2443	2443	2443	2443	1504	2015	4	C:\Users\kem99059\Desktop\Zambezi\Climate\SoilMoisture\10to40\10_40Clip\10to40.gdb\tavg_1504_WMA
252	Nekatambe	1	4	0.04	1919	2873	954	2397	450.3415371	9588	4	1919	1919	1976	2873	1505	2015	5	C:\Users\kem99059\Desktop\Zambezi\Climate\SoilMoisture\10to40\10_40Clip\10to40.gdb\tavg_1505_WMA
253	Nemananga	2	2	0.02	1792	2032	240	1912	120	3824	2	1792	1792	1792	2032	1505	2015	5	C:\Users\kem99059\Desktop\Zambezi\Climate\SoilMoisture\10to40\10_40Clip\10to40.gdb\tavg_1505_WMA
254	Sidinda	3	6	0.06	1931	2811	880	2369.5	425.168496	14217	6	1931	1931	1965	2811	1505	2015	5	C:\Users\kem99059\Desktop\Zambezi\Climate\SoilMoisture\10to40\10_40Clip\10to40.gdb\tavg_1505_WMA
255	Simangani	4	5	0.05	1710	2809	1099	2399.4	465.0249886	11997	5	1710	1710	2735	2809	1505	2015	5	C:\Users\kem99059\Desktop\Zambezi\Climate\SoilMoisture\10to40\10_40Clip\10to40.gdb\tavg_1505_WMA
256	Unknown 16	5	1	0.01	1925	1925	0	1925	0	1925	1	1925	1925	1925	1925	1505	2015	5	C:\Users\kem99059\Desktop\Zambezi\Climate\SoilMoisture\10to40\10_40Clip\10to40.gdb\tavg_1505_WMA
257	Chidobe	6	1	0.01	2058	2058	0	2058	0	2058	1	2058	2058	2058	2058	1505	2015	5	C:\Users\kem99059\Desktop\Zambezi\Climate\SoilMoisture\10to40\10_40Clip\10to40.gdb\tavg_1505_WMA
258	Jambezi	7	2	0.02	1987	1995	8	1991	4	3982	2	1987	1987	1987	1995	1505	2015	5	C:\Users\kem99059\Desktop\Zambezi\Climate\SoilMoisture\10to40\10_40Clip\10to40.gdb\tavg_1505_WMA
259	Kachecheti	8	2	0.02	2079	2088	9	2083.5	4.5	4167	2	2079	2079	2079	2088	1505	2015	5	C:\Users\kem99059\Desktop\Zambezi\Climate\SoilMoisture\10to40\10_40Clip\10to40.gdb\tavg_1505_WMA
260	Mabale	9	1	0.01	1987	1987	0	1987	0	1987	1	1987	1987	1987	1987	1505	2015	5	C:\Users\kem99059\Desktop\Zambezi\Climate\SoilMoisture\10to40\10_40Clip\10to40.gdb\tavg_1505_WMA
261	Nekatambe	1	4	0.04	1727	2721	994	2215.25	475.8278969	8861	4	1727	1727	1753	2721	1506	2015	6	C:\Users\kem99059\Desktop\Zambezi\Climate\SoilMoisture\10to40\10_40Clip\10to40.gdb\tavg_1506_WMA
262	Nemananga	2	2	0.02	1595	1826	231	1710.5	115.5	3421	2	1595	1595	1595	1826	1506	2015	6	C:\Users\kem99059\Desktop\Zambezi\Climate\SoilMoisture\10to40\10_40Clip\10to40.gdb\tavg_1506_WMA
263	Sidinda	3	6	0.06	1742	2686	944	2207.333333	454.3147465	13244	6	1742	1742	1763	2686	1506	2015	6	C:\Users\kem99059\Desktop\Zambezi\Climate\SoilMoisture\10to40\10_40Clip\10to40.gdb\tavg_1506_WMA
264	Simangani	4	5	0.05	1554	2650	1096	2229.2	480.1930445	11146	5	1554	1554	2583	2650	1506	2015	6	C:\Users\kem99059\Desktop\Zambezi\Climate\SoilMoisture\10to40\10_40Clip\10to40.gdb\tavg_1506_WMA
265	Unknown 16	5	1	0.01	1715	1715	0	1715	0	1715	1	1715	1715	1715	1715	1506	2015	6	C:\Users\kem99059\Desktop\Zambezi\Climate\SoilMoisture\10to40\10_40Clip\10to40.gdb\tavg_1506_WMA
266	Chidobe	6	1	0.01	1815	1815	0	1815	0	1815	1	1815	1815	1815	1815	1506	2015	6	C:\Users\kem99059\Desktop\Zambezi\Climate\SoilMoisture\10to40\10_40Clip\10to40.gdb\tavg_1506_WMA
267	Jambezi	7	2	0.02	1784	1796	12	1790	6	3580	2	1784	1784	1784	1796	1506	2015	6	C:\Users\kem99059\Desktop\Zambezi\Climate\SoilMoisture\10to40\10_40Clip\10to40.gdb\tavg_1506_WMA
268	Kachecheti	8	2	0.02	1838	1856	18	1847	9	3694	2	1838	1838	1838	1856	1506	2015	6	C:\Users\kem99059\Desktop\Zambezi\Climate\SoilMoisture\10to40\10_40Clip\10to40.gdb\tavg_1506_WMA
269	Mabale	9	1	0.01	1719	1719	0	1719	0	1719	1	1719	1719	1719	1719	1506	2015	6	C:\Users\kem99059\Desktop\Zambezi\Climate\SoilMoisture\10to40\10_40Clip\10to40.gdb\tavg_1506_WMA
270	Nekatambe	1	4	0.04	1644	2634	990	2126.5	476.0638087	8506	4	1644	1644	1658	2634	1507	2015	7	C:\Users\kem99059\Desktop\Zambezi\Climate\SoilMoisture\10to40\10_40Clip\10to40.gdb\tavg_1507_WMA
271	Nemananga	2	2	0.02	1524	1736	212	1630	106	3260	2	1524	1524	1524	1736	1507	2015	7	C:\Users\kem99059\Desktop\Zambezi\Climate\SoilMoisture\10to40\10_40Clip\10to40.gdb\tavg_1507_WMA
272	Sidinda	3	6	0.06	1658	2618	960	2129.833333	459.8696977	12779	6	1658	1658	1677	2618	1507	2015	7	C:\Users\kem99059\Desktop\Zambezi\Climate\SoilMoisture\10to40\10_40Clip\10to40.gdb\tavg_1507_WMA
273	Simangani	4	5	0.05	1496	2562	1066	2147.6	474.7102695	10738	5	1496	1496	2500	2562	1507	2015	7	C:\Users\kem99059\Desktop\Zambezi\Climate\SoilMoisture\10to40\10_40Clip\10to40.gdb\tavg_1507_WMA
274	Unknown 16	5	1	0.01	1628	1628	0	1628	0	1628	1	1628	1628	1628	1628	1507	2015	7	C:\Users\kem99059\Desktop\Zambezi\Climate\SoilMoisture\10to40\10_40Clip\10to40.gdb\tavg_1507_WMA
275	Chidobe	6	1	0.01	1716	1716	0	1716	0	1716	1	1716	1716	1716	1716	1507	2015	7	C:\Users\kem99059\Desktop\Zambezi\Climate\SoilMoisture\10to40\10_40Clip\10to40.gdb\tavg_1507_WMA
276	Jambezi	7	2	0.02	1694	1712	18	1703	9	3406	2	1694	1694	1694	1712	1507	2015	7	C:\Users\kem99059\Desktop\Zambezi\Climate\SoilMoisture\10to40\10_40Clip\10to40.gdb\tavg_1507_WMA
277	Kachecheti	8	2	0.02	1738	1756	18	1747	9	3494	2	1738	1738	1738	1756	1507	2015	7	C:\Users\kem99059\Desktop\Zambezi\Climate\SoilMoisture\10to40\10_40Clip\10to40.gdb\tavg_1507_WMA
278	Mabale	9	1	0.01	1613	1613	0	1613	0	1613	1	1613	1613	1613	1613	1507	2015	7	C:\Users\kem99059\Desktop\Zambezi\Climate\SoilMoisture\10to40\10_40Clip\10to40.gdb\tavg_1507_WMA
279	Nekatambe	1	4	0.04	1603	2584	981	2079.25	472.337472	8317	4	1603	1603	1612	2584	1508	2015	8	C:\Users\kem99059\Desktop\Zambezi\Climate\SoilMoisture\10to40\10_40Clip\10to40.gdb\tavg_1508_WMA
280	Nemananga	2	2	0.02	1489	1687	198	1588	99	3176	2	1489	1489	1489	1687	1508	2015	8	C:\Users\kem99059\Desktop\Zambezi\Climate\SoilMoisture\10to40\10_40Clip\10to40.gdb\tavg_1508_WMA
281	Sidinda	3	6	0.06	1617	2579	962	2088.333333	459.7458235	12530	6	1617	1617	1637	2579	1508	2015	8	C:\Users\kem99059\Desktop\Zambezi\Climate\SoilMoisture\10to40\10_40Clip\10to40.gdb\tavg_1508_WMA
282	Simangani	4	5	0.05	1470	2512	1042	2104.2	467.3338849	10521	5	1470	1470	2452	2512	1508	2015	8	C:\Users\kem99059\Desktop\Zambezi\Climate\SoilMoisture\10to40\10_40Clip\10to40.gdb\tavg_1508_WMA
283	Unknown 16	5	1	0.01	1588	1588	0	1588	0	1588	1	1588	1588	1588	1588	1508	2015	8	C:\Users\kem99059\Desktop\Zambezi\Climate\SoilMoisture\10to40\10_40Clip\10to40.gdb\tavg_1508_WMA
284	Chidobe	6	1	0.01	1663	1663	0	1663	0	1663	1	1663	1663	1663	1663	1508	2015	8	C:\Users\kem99059\Desktop\Zambezi\Climate\SoilMoisture\10to40\10_40Clip\10to40.gdb\tavg_1508_WMA
285	Jambezi	7	2	0.02	1648	1667	19	1657.5	9.5	3315	2	1648	1648	1648	1667	1508	2015	8	C:\Users\kem99059\Desktop\Zambezi\Climate\SoilMoisture\10to40\10_40Clip\10to40.gdb\tavg_1508_WMA
286	Kachecheti	8	2	0.02	1683	1701	18	1692	9	3384	2	1683	1683	1683	1701	1508	2015	8	C:\Users\kem99059\Desktop\Zambezi\Climate\SoilMoisture\10to40\10_40Clip\10to40.gdb\tavg_1508_WMA
287	Mabale	9	1	0.01	1565	1565	0	1565	0	1565	1	1565	1565	1565	1565	1508	2015	8	C:\Users\kem99059\Desktop\Zambezi\Climate\SoilMoisture\10to40\10_40Clip\10to40.gdb\tavg_1508_WMA
288	Nekatambe	1	4	0.04	1583	2560	977	2056.5	470.1236539	8226	4	1583	1583	1591	2560	1509	2015	9	C:\Users\kem99059\Desktop\Zambezi\Climate\SoilMoisture\10to40\10_40Clip\10to40.gdb\tavg_1509_WMA
289	Nemananga	2	2	0.02	1471	1662	191	1566.5	95.5	3133	2	1471	1471	1471	1662	1509	2015	9	C:\Users\kem99059\Desktop\Zambezi\Climate\SoilMoisture\10to40\10_40Clip\10to40.gdb\tavg_1509_WMA
290	Sidinda	3	6	0.06	1598	2560	962	2067.833333	458.958392	12407	6	1598	1598	1618	2560	1509	2015	9	C:\Users\kem99059\Desktop\Zambezi\Climate\SoilMoisture\10to40\10_40Clip\10to40.gdb\tavg_1509_WMA
291	Simangani	4	5	0.05	1457	2487	1030	2082.8	462.782195	10414	5	1457	1457	2427	2487	1509	2015	9	C:\Users\kem99059\Desktop\Zambezi\Climate\SoilMoisture\10to40\10_40Clip\10to40.gdb\tavg_1509_WMA
292	Unknown 16	5	1	0.01	1570	1570	0	1570	0	1570	1	1570	1570	1570	1570	1509	2015	9	C:\Users\kem99059\Desktop\Zambezi\Climate\SoilMoisture\10to40\10_40Clip\10to40.gdb\tavg_1509_WMA
293	Chidobe	6	1	0.01	1634	1634	0	1634	0	1634	1	1634	1634	1634	1634	1509	2015	9	C:\Users\kem99059\Desktop\Zambezi\Climate\SoilMoisture\10to40\10_40Clip\10to40.gdb\tavg_1509_WMA
294	Jambezi	7	2	0.02	1625	1645	20	1635	10	3270	2	1625	1625	1625	1645	1509	2015	9	C:\Users\kem99059\Desktop\Zambezi\Climate\SoilMoisture\10to40\10_40Clip\10to40.gdb\tavg_1509_WMA
295	Kachecheti	8	2	0.02	1654	1673	19	1663.5	9.5	3327	2	1654	1654	1654	1673	1509	2015	9	C:\Users\kem99059\Desktop\Zambezi\Climate\SoilMoisture\10to40\10_40Clip\10to40.gdb\tavg_1509_WMA
296	Mabale	9	1	0.01	1543	1543	0	1543	0	1543	1	1543	1543	1543	1543	1509	2015	9	C:\Users\kem99059\Desktop\Zambezi\Climate\SoilMoisture\10to40\10_40Clip\10to40.gdb\tavg_1509_WMA
297	Nekatambe	1	4	0.04	1569	2541	972	2039	467.660133	8156	4	1569	1569	1575	2541	1510	2015	10	C:\Users\kem99059\Desktop\Zambezi\Climate\SoilMoisture\10to40\10_40Clip\10to40.gdb\tavg_1510_WMA
298	Nemananga	2	2	0.02	1460	1643	183	1551.5	91.5	3103	2	1460	1460	1460	1643	1510	2015	10	C:\Users\kem99059\Desktop\Zambezi\Climate\SoilMoisture\10to40\10_40Clip\10to40.gdb\tavg_1510_WMA
299	Sidinda	3	6	0.06	1584	2543	959	2051.333333	457.1610463	12308	6	1584	1584	1603	2543	1510	2015	10	C:\Users\kem99059\Desktop\Zambezi\Climate\SoilMoisture\10to40\10_40Clip\10to40.gdb\tavg_1510_WMA
300	Simangani	4	5	0.05	1447	2466	1019	2065	458.3566297	10325	5	1447	1447	2405	2466	1510	2015	10	C:\Users\kem99059\Desktop\Zambezi\Climate\SoilMoisture\10to40\10_40Clip\10to40.gdb\tavg_1510_WMA
301	Unknown 16	5	1	0.01	1556	1556	0	1556	0	1556	1	1556	1556	1556	1556	1510	2015	10	C:\Users\kem99059\Desktop\Zambezi\Climate\SoilMoisture\10to40\10_40Clip\10to40.gdb\tavg_1510_WMA
302	Chidobe	6	1	0.01	1615	1615	0	1615	0	1615	1	1615	1615	1615	1615	1510	2015	10	C:\Users\kem99059\Desktop\Zambezi\Climate\SoilMoisture\10to40\10_40Clip\10to40.gdb\tavg_1510_WMA
303	Jambezi	7	2	0.02	1609	1628	19	1618.5	9.5	3237	2	1609	1609	1609	1628	1510	2015	10	C:\Users\kem99059\Desktop\Zambezi\Climate\SoilMoisture\10to40\10_40Clip\10to40.gdb\tavg_1510_WMA
304	Kachecheti	8	2	0.02	1633	1652	19	1642.5	9.5	3285	2	1633	1633	1633	1652	1510	2015	10	C:\Users\kem99059\Desktop\Zambezi\Climate\SoilMoisture\10to40\10_40Clip\10to40.gdb\tavg_1510_WMA
305	Mabale	9	1	0.01	1528	1528	0	1528	0	1528	1	1528	1528	1528	1528	1510	2015	10	C:\Users\kem99059\Desktop\Zambezi\Climate\SoilMoisture\10to40\10_40Clip\10to40.gdb\tavg_1510_WMA
306	Nekatambe	1	4	0.04	1542	2483	941	1996.75	453.3714675	7987	4	1542	1542	1546	2483	1511	2015	11	C:\Users\kem99059\Desktop\Zambezi\Climate\SoilMoisture\10to40\10_40Clip\10to40.gdb\tavg_1511_WMA
307	Nemananga	2	2	0.02	1450	1621	171	1535.5	85.5	3071	2	1450	1450	1450	1621	1511	2015	11	C:\Users\kem99059\Desktop\Zambezi\Climate\SoilMoisture\10to40\10_40Clip\10to40.gdb\tavg_1511_WMA
308	Sidinda	3	6	0.06	1556	2498	942	2014.666667	446.5596887	12088	6	1556	1556	1578	2498	1511	2015	11	C:\Users\kem99059\Desktop\Zambezi\Climate\SoilMoisture\10to40\10_40Clip\10to40.gdb\tavg_1511_WMA
309	Simangani	4	5	0.05	1436	2412	976	2025.6	440.9619485	10128	5	1436	1436	2353	2412	1511	2015	11	C:\Users\kem99059\Desktop\Zambezi\Climate\SoilMoisture\10to40\10_40Clip\10to40.gdb\tavg_1511_WMA
310	Unknown 16	5	1	0.01	1531	1531	0	1531	0	1531	1	1531	1531	1531	1531	1511	2015	11	C:\Users\kem99059\Desktop\Zambezi\Climate\SoilMoisture\10to40\10_40Clip\10to40.gdb\tavg_1511_WMA
311	Chidobe	6	1	0.01	1617	1617	0	1617	0	1617	1	1617	1617	1617	1617	1511	2015	11	C:\Users\kem99059\Desktop\Zambezi\Climate\SoilMoisture\10to40\10_40Clip\10to40.gdb\tavg_1511_WMA
312	Jambezi	7	2	0.02	1584	1600	16	1592	8	3184	2	1584	1584	1584	1600	1511	2015	11	C:\Users\kem99059\Desktop\Zambezi\Climate\SoilMoisture\10to40\10_40Clip\10to40.gdb\tavg_1511_WMA
313	Kachecheti	8	2	0.02	1624	1636	12	1630	6	3260	2	1624	1624	1624	1636	1511	2015	11	C:\Users\kem99059\Desktop\Zambezi\Climate\SoilMoisture\10to40\10_40Clip\10to40.gdb\tavg_1511_WMA
314	Mabale	9	1	0.01	1504	1504	0	1504	0	1504	1	1504	1504	1504	1504	1511	2015	11	C:\Users\kem99059\Desktop\Zambezi\Climate\SoilMoisture\10to40\10_40Clip\10to40.gdb\tavg_1511_WMA
315	Nekatambe	1	4	0.04	2167	3080	913	2628.75	414.2079037	10515	4	2167	2167	2267	3080	1512	2015	12	C:\Users\kem99059\Desktop\Zambezi\Climate\SoilMoisture\10to40\10_40Clip\10to40.gdb\tavg_1512_WMA
316	Nemananga	2	2	0.02	2107	2273	166	2190	83	4380	2	2107	2107	2107	2273	1512	2015	12	C:\Users\kem99059\Desktop\Zambezi\Climate\SoilMoisture\10to40\10_40Clip\10to40.gdb\tavg_1512_WMA
317	Sidinda	3	6	0.06	1980	2848	868	2439.833333	391.7858329	14639	6	1980	1980	2106	2848	1512	2015	12	C:\Users\kem99059\Desktop\Zambezi\Climate\SoilMoisture\10to40\10_40Clip\10to40.gdb\tavg_1512_WMA
318	Simangani	4	5	0.05	1882	2914	1032	2503.2	451.1014963	12516	5	1882	1882	2803	2914	1512	2015	12	C:\Users\kem99059\Desktop\Zambezi\Climate\SoilMoisture\10to40\10_40Clip\10to40.gdb\tavg_1512_WMA
319	Unknown 16	5	1	0.01	1965	1965	0	1965	0	1965	1	1965	1965	1965	1965	1512	2015	12	C:\Users\kem99059\Desktop\Zambezi\Climate\SoilMoisture\10to40\10_40Clip\10to40.gdb\tavg_1512_WMA
320	Chidobe	6	1	0.01	2602	2602	0	2602	0	2602	1	2602	2602	2602	2602	1512	2015	12	C:\Users\kem99059\Desktop\Zambezi\Climate\SoilMoisture\10to40\10_40Clip\10to40.gdb\tavg_1512_WMA
321	Jambezi	7	2	0.02	2184	2209	25	2196.5	12.5	4393	2	2184	2184	2184	2209	1512	2015	12	C:\Users\kem99059\Desktop\Zambezi\Climate\SoilMoisture\10to40\10_40Clip\10to40.gdb\tavg_1512_WMA
322	Kachecheti	8	2	0.02	2400	2514	114	2457	57	4914	2	2400	2400	2400	2514	1512	2015	12	C:\Users\kem99059\Desktop\Zambezi\Climate\SoilMoisture\10to40\10_40Clip\10to40.gdb\tavg_1512_WMA
323	Mabale	9	1	0.01	2376	2376	0	2376	0	2376	1	2376	2376	2376	2376	1512	2015	12	C:\Users\kem99059\Desktop\Zambezi\Climate\SoilMoisture\10to40\10_40Clip\10to40.gdb\tavg_1512_WMA
324	Nekatambe	1	4	0.04	2184	2996	812	2594	370.4247562	10376	4	2184	2184	2267	2996	1601	2016	1	C:\Users\kem99059\Desktop\Zambezi\Climate\SoilMoisture\10to40\10_40Clip\10to40.gdb\tavg_1601_WMA
325	Nemananga	2	2	0.02	2070	2251	181	2160.5	90.5	4321	2	2070	2070	2070	2251	1601	2016	1	C:\Users\kem99059\Desktop\Zambezi\Climate\SoilMoisture\10to40\10_40Clip\10to40.gdb\tavg_1601_WMA
326	Sidinda	3	6	0.06	2052	2844	792	2459.833333	358.7549845	14759	6	2052	2052	2141	2844	1601	2016	1	C:\Users\kem99059\Desktop\Zambezi\Climate\SoilMoisture\10to40\10_40Clip\10to40.gdb\tavg_1601_WMA
327	Simangani	4	5	0.05	1931	2882	951	2528.2	392.8981547	12641	5	1931	1931	2794	2882	1601	2016	1	C:\Users\kem99059\Desktop\Zambezi\Climate\SoilMoisture\10to40\10_40Clip\10to40.gdb\tavg_1601_WMA
328	Unknown 16	5	1	0.01	2091	2091	0	2091	0	2091	1	2091	2091	2091	2091	1601	2016	1	C:\Users\kem99059\Desktop\Zambezi\Climate\SoilMoisture\10to40\10_40Clip\10to40.gdb\tavg_1601_WMA
329	Chidobe	6	1	0.01	2482	2482	0	2482	0	2482	1	2482	2482	2482	2482	1601	2016	1	C:\Users\kem99059\Desktop\Zambezi\Climate\SoilMoisture\10to40\10_40Clip\10to40.gdb\tavg_1601_WMA
330	Jambezi	7	2	0.02	2202	2209	7	2205.5	3.5	4411	2	2202	2202	2202	2209	1601	2016	1	C:\Users\kem99059\Desktop\Zambezi\Climate\SoilMoisture\10to40\10_40Clip\10to40.gdb\tavg_1601_WMA
331	Kachecheti	8	2	0.02	2306	2404	98	2355	49	4710	2	2306	2306	2306	2404	1601	2016	1	C:\Users\kem99059\Desktop\Zambezi\Climate\SoilMoisture\10to40\10_40Clip\10to40.gdb\tavg_1601_WMA
332	Mabale	9	1	0.01	2384	2384	0	2384	0	2384	1	2384	2384	2384	2384	1601	2016	1	C:\Users\kem99059\Desktop\Zambezi\Climate\SoilMoisture\10to40\10_40Clip\10to40.gdb\tavg_1601_WMA
333	Nekatambe	1	4	0.04	2824	3382	558	3100.75	250.1573255	12403	4	2824	2824	2881	3382	1602	2016	2	C:\Users\kem99059\Desktop\Zambezi\Climate\SoilMoisture\10to40\10_40Clip\10to40.gdb\tavg_1602_WMA
334	Nemananga	2	2	0.02	2748	2903	155	2825.5	77.5	5651	2	2748	2748	2748	2903	1602	2016	2	C:\Users\kem99059\Desktop\Zambezi\Climate\SoilMoisture\10to40\10_40Clip\10to40.gdb\tavg_1602_WMA
335	Sidinda	3	6	0.06	2743	3316	573	3034.166667	240.6958085	18205	6	2743	2743	2825	3316	1602	2016	2	C:\Users\kem99059\Desktop\Zambezi\Climate\SoilMoisture\10to40\10_40Clip\10to40.gdb\tavg_1602_WMA
336	Simangani	4	5	0.05	2490	3250	760	2978.2	310.7116992	14891	5	2490	2490	3210	3250	1602	2016	2	C:\Users\kem99059\Desktop\Zambezi\Climate\SoilMoisture\10to40\10_40Clip\10to40.gdb\tavg_1602_WMA
337	Unknown 16	5	1	0.01	2673	2673	0	2673	0	2673	1	2673	2673	2673	2673	1602	2016	2	C:\Users\kem99059\Desktop\Zambezi\Climate\SoilMoisture\10to40\10_40Clip\10to40.gdb\tavg_1602_WMA
338	Chidobe	6	1	0.01	2860	2860	0	2860	0	2860	1	2860	2860	2860	2860	1602	2016	2	C:\Users\kem99059\Desktop\Zambezi\Climate\SoilMoisture\10to40\10_40Clip\10to40.gdb\tavg_1602_WMA
339	Jambezi	7	2	0.02	2876	2902	26	2889	13	5778	2	2876	2876	2876	2902	1602	2016	2	C:\Users\kem99059\Desktop\Zambezi\Climate\SoilMoisture\10to40\10_40Clip\10to40.gdb\tavg_1602_WMA
340	Kachecheti	8	2	0.02	2817	2838	21	2827.5	10.5	5655	2	2817	2817	2817	2838	1602	2016	2	C:\Users\kem99059\Desktop\Zambezi\Climate\SoilMoisture\10to40\10_40Clip\10to40.gdb\tavg_1602_WMA
341	Mabale	9	1	0.01	3000	3000	0	3000	0	3000	1	3000	3000	3000	3000	1602	2016	2	C:\Users\kem99059\Desktop\Zambezi\Climate\SoilMoisture\10to40\10_40Clip\10to40.gdb\tavg_1602_WMA
342	Nekatambe	1	4	0.04	3077	3685	608	3385.75	281.2946631	13543	4	3077	3077	3134	3685	1603	2016	3	C:\Users\kem99059\Desktop\Zambezi\Climate\SoilMoisture\10to40\10_40Clip\10to40.gdb\tavg_1603_WMA
343	Nemananga	2	2	0.02	3166	3235	69	3200.5	34.5	6401	2	3166	3166	3166	3235	1603	2016	3	C:\Users\kem99059\Desktop\Zambezi\Climate\SoilMoisture\10to40\10_40Clip\10to40.gdb\tavg_1603_WMA
344	Sidinda	3	6	0.06	3103	3612	509	3362.5	204.5757806	20175	6	3103	3103	3196	3612	1603	2016	3	C:\Users\kem99059\Desktop\Zambezi\Climate\SoilMoisture\10to40\10_40Clip\10to40.gdb\tavg_1603_WMA
345	Simangani	4	5	0.05	3005	3584	579	3332.8	232.5075483	16664	5	3005	3005	3466	3584	1603	2016	3	C:\Users\kem99059\Desktop\Zambezi\Climate\SoilMoisture\10to40\10_40Clip\10to40.gdb\tavg_1603_WMA
346	Unknown 16	5	1	0.01	3099	3099	0	3099	0	3099	1	3099	3099	3099	3099	1603	2016	3	C:\Users\kem99059\Desktop\Zambezi\Climate\SoilMoisture\10to40\10_40Clip\10to40.gdb\tavg_1603_WMA
347	Chidobe	6	1	0.01	3197	3197	0	3197	0	3197	1	3197	3197	3197	3197	1603	2016	3	C:\Users\kem99059\Desktop\Zambezi\Climate\SoilMoisture\10to40\10_40Clip\10to40.gdb\tavg_1603_WMA
348	Jambezi	7	2	0.02	3220	3227	7	3223.5	3.5	6447	2	3220	3220	3220	3227	1603	2016	3	C:\Users\kem99059\Desktop\Zambezi\Climate\SoilMoisture\10to40\10_40Clip\10to40.gdb\tavg_1603_WMA
349	Kachecheti	8	2	0.02	3216	3222	6	3219	3	6438	2	3216	3216	3216	3222	1603	2016	3	C:\Users\kem99059\Desktop\Zambezi\Climate\SoilMoisture\10to40\10_40Clip\10to40.gdb\tavg_1603_WMA
350	Mabale	9	1	0.01	3198	3198	0	3198	0	3198	1	3198	3198	3198	3198	1603	2016	3	C:\Users\kem99059\Desktop\Zambezi\Climate\SoilMoisture\10to40\10_40Clip\10to40.gdb\tavg_1603_WMA
351	Nekatambe	1	4	0.04	2262	3204	942	2738.5	454.8326615	10954	4	2262	2262	2306	3204	1604	2016	4	C:\Users\kem99059\Desktop\Zambezi\Climate\SoilMoisture\10to40\10_40Clip\10to40.gdb\tavg_1604_WMA
352	Nemananga	2	2	0.02	2251	2465	214	2358	107	4716	2	2251	2251	2251	2465	1604	2016	4	C:\Users\kem99059\Desktop\Zambezi\Climate\SoilMoisture\10to40\10_40Clip\10to40.gdb\tavg_1604_WMA
353	Sidinda	3	6	0.06	2281	3176	895	2747.833333	399.0528021	16487	6	2281	2281	2389	3176	1604	2016	4	C:\Users\kem99059\Desktop\Zambezi\Climate\SoilMoisture\10to40\10_40Clip\10to40.gdb\tavg_1604_WMA
354	Simangani	4	5	0.05	2074	3149	1075	2740.6	457.9915283	13703	5	2074	2074	3068	3149	1604	2016	4	C:\Users\kem99059\Desktop\Zambezi\Climate\SoilMoisture\10to40\10_40Clip\10to40.gdb\tavg_1604_WMA
355	Unknown 16	5	1	0.01	2269	2269	0	2269	0	2269	1	2269	2269	2269	2269	1604	2016	4	C:\Users\kem99059\Desktop\Zambezi\Climate\SoilMoisture\10to40\10_40Clip\10to40.gdb\tavg_1604_WMA
356	Chidobe	6	1	0.01	2394	2394	0	2394	0	2394	1	2394	2394	2394	2394	1604	2016	4	C:\Users\kem99059\Desktop\Zambezi\Climate\SoilMoisture\10to40\10_40Clip\10to40.gdb\tavg_1604_WMA
357	Jambezi	7	2	0.02	2426	2435	9	2430.5	4.5	4861	2	2426	2426	2426	2435	1604	2016	4	C:\Users\kem99059\Desktop\Zambezi\Climate\SoilMoisture\10to40\10_40Clip\10to40.gdb\tavg_1604_WMA
358	Kachecheti	8	2	0.02	2429	2443	14	2436	7	4872	2	2429	2429	2429	2443	1604	2016	4	C:\Users\kem99059\Desktop\Zambezi\Climate\SoilMoisture\10to40\10_40Clip\10to40.gdb\tavg_1604_WMA
359	Mabale	9	1	0.01	2375	2375	0	2375	0	2375	1	2375	2375	2375	2375	1604	2016	4	C:\Users\kem99059\Desktop\Zambezi\Climate\SoilMoisture\10to40\10_40Clip\10to40.gdb\tavg_1604_WMA
360	Nekatambe	1	4	0.04	1840	2966	1126	2399.75	546.032222	9599	4	1840	1840	1868	2966	1605	2016	5	C:\Users\kem99059\Desktop\Zambezi\Climate\SoilMoisture\10to40\10_40Clip\10to40.gdb\tavg_1605_WMA
361	Nemananga	2	2	0.02	1750	2013	263	1881.5	131.5	3763	2	1750	1750	1750	2013	1605	2016	5	C:\Users\kem99059\Desktop\Zambezi\Climate\SoilMoisture\10to40\10_40Clip\10to40.gdb\tavg_1605_WMA
362	Sidinda	3	6	0.06	1850	2966	1116	2416.833333	507.5718066	14501	6	1850	1850	1945	2966	1605	2016	5	C:\Users\kem99059\Desktop\Zambezi\Climate\SoilMoisture\10to40\10_40Clip\10to40.gdb\tavg_1605_WMA
363	Simangani	4	5	0.05	1636	2889	1253	2409.6	552.5803471	12048	5	1636	1636	2820	2889	1605	2016	5	C:\Users\kem99059\Desktop\Zambezi\Climate\SoilMoisture\10to40\10_40Clip\10to40.gdb\tavg_1605_WMA
364	Unknown 16	5	1	0.01	1825	1825	0	1825	0	1825	1	1825	1825	1825	1825	1605	2016	5	C:\Users\kem99059\Desktop\Zambezi\Climate\SoilMoisture\10to40\10_40Clip\10to40.gdb\tavg_1605_WMA
365	Chidobe	6	1	0.01	1921	1921	0	1921	0	1921	1	1921	1921	1921	1921	1605	2016	5	C:\Users\kem99059\Desktop\Zambezi\Climate\SoilMoisture\10to40\10_40Clip\10to40.gdb\tavg_1605_WMA
366	Jambezi	7	2	0.02	1966	1991	25	1978.5	12.5	3957	2	1966	1966	1966	1991	1605	2016	5	C:\Users\kem99059\Desktop\Zambezi\Climate\SoilMoisture\10to40\10_40Clip\10to40.gdb\tavg_1605_WMA
367	Kachecheti	8	2	0.02	1951	1985	34	1968	17	3936	2	1951	1951	1951	1985	1605	2016	5	C:\Users\kem99059\Desktop\Zambezi\Climate\SoilMoisture\10to40\10_40Clip\10to40.gdb\tavg_1605_WMA
368	Mabale	9	1	0.01	1897	1897	0	1897	0	1897	1	1897	1897	1897	1897	1605	2016	5	C:\Users\kem99059\Desktop\Zambezi\Climate\SoilMoisture\10to40\10_40Clip\10to40.gdb\tavg_1605_WMA
369	Nekatambe	1	4	0.04	1691	2838	1147	2257	558.7517338	9028	4	1691	1691	1706	2838	1606	2016	6	C:\Users\kem99059\Desktop\Zambezi\Climate\SoilMoisture\10to40\10_40Clip\10to40.gdb\tavg_1606_WMA
370	Nemananga	2	2	0.02	1596	1846	250	1721	125	3442	2	1596	1596	1596	1846	1606	2016	6	C:\Users\kem99059\Desktop\Zambezi\Climate\SoilMoisture\10to40\10_40Clip\10to40.gdb\tavg_1606_WMA
371	Sidinda	3	6	0.06	1701	2875	1174	2287.666667	535.0425736	13726	6	1701	1701	1789	2875	1606	2016	6	C:\Users\kem99059\Desktop\Zambezi\Climate\SoilMoisture\10to40\10_40Clip\10to40.gdb\tavg_1606_WMA
372	Simangani	4	5	0.05	1522	2756	1234	2277.8	556.3065342	11389	5	1522	1522	2698	2756	1606	2016	6	C:\Users\kem99059\Desktop\Zambezi\Climate\SoilMoisture\10to40\10_40Clip\10to40.gdb\tavg_1606_WMA
373	Unknown 16	5	1	0.01	1669	1669	0	1669	0	1669	1	1669	1669	1669	1669	1606	2016	6	C:\Users\kem99059\Desktop\Zambezi\Climate\SoilMoisture\10to40\10_40Clip\10to40.gdb\tavg_1606_WMA
374	Chidobe	6	1	0.01	1756	1756	0	1756	0	1756	1	1756	1756	1756	1756	1606	2016	6	C:\Users\kem99059\Desktop\Zambezi\Climate\SoilMoisture\10to40\10_40Clip\10to40.gdb\tavg_1606_WMA
375	Jambezi	7	2	0.02	1797	1829	32	1813	16	3626	2	1797	1797	1797	1829	1606	2016	6	C:\Users\kem99059\Desktop\Zambezi\Climate\SoilMoisture\10to40\10_40Clip\10to40.gdb\tavg_1606_WMA
376	Kachecheti	8	2	0.02	1784	1819	35	1801.5	17.5	3603	2	1784	1784	1784	1819	1606	2016	6	C:\Users\kem99059\Desktop\Zambezi\Climate\SoilMoisture\10to40\10_40Clip\10to40.gdb\tavg_1606_WMA
377	Mabale	9	1	0.01	1700	1700	0	1700	0	1700	1	1700	1700	1700	1700	1606	2016	6	C:\Users\kem99059\Desktop\Zambezi\Climate\SoilMoisture\10to40\10_40Clip\10to40.gdb\tavg_1606_WMA
378	Nekatambe	1	4	0.04	1621	2760	1139	2180.75	555.5183953	8723	4	1621	1621	1630	2760	1607	2016	7	C:\Users\kem99059\Desktop\Zambezi\Climate\SoilMoisture\10to40\10_40Clip\10to40.gdb\tavg_1607_WMA
379	Nemananga	2	2	0.02	1530	1763	233	1646.5	116.5	3293	2	1530	1530	1530	1763	1607	2016	7	C:\Users\kem99059\Desktop\Zambezi\Climate\SoilMoisture\10to40\10_40Clip\10to40.gdb\tavg_1607_WMA
380	Sidinda	3	6	0.06	1631	2826	1195	2221.166667	544.282836	13327	6	1631	1631	1712	2826	1607	2016	7	C:\Users\kem99059\Desktop\Zambezi\Climate\SoilMoisture\10to40\10_40Clip\10to40.gdb\tavg_1607_WMA
381	Simangani	4	5	0.05	1476	2675	1199	2207.4	547.4499429	11037	5	1476	1476	2624	2675	1607	2016	7	C:\Users\kem99059\Desktop\Zambezi\Climate\SoilMoisture\10to40\10_40Clip\10to40.gdb\tavg_1607_WMA
382	Unknown 16	5	1	0.01	1598	1598	0	1598	0	1598	1	1598	1598	1598	1598	1607	2016	7	C:\Users\kem99059\Desktop\Zambezi\Climate\SoilMoisture\10to40\10_40Clip\10to40.gdb\tavg_1607_WMA
383	Chidobe	6	1	0.01	1679	1679	0	1679	0	1679	1	1679	1679	1679	1679	1607	2016	7	C:\Users\kem99059\Desktop\Zambezi\Climate\SoilMoisture\10to40\10_40Clip\10to40.gdb\tavg_1607_WMA
384	Jambezi	7	2	0.02	1715	1748	33	1731.5	16.5	3463	2	1715	1715	1715	1748	1607	2016	7	C:\Users\kem99059\Desktop\Zambezi\Climate\SoilMoisture\10to40\10_40Clip\10to40.gdb\tavg_1607_WMA
385	Kachecheti	8	2	0.02	1705	1738	33	1721.5	16.5	3443	2	1705	1705	1705	1738	1607	2016	7	C:\Users\kem99059\Desktop\Zambezi\Climate\SoilMoisture\10to40\10_40Clip\10to40.gdb\tavg_1607_WMA
386	Mabale	9	1	0.01	1608	1608	0	1608	0	1608	1	1608	1608	1608	1608	1607	2016	7	C:\Users\kem99059\Desktop\Zambezi\Climate\SoilMoisture\10to40\10_40Clip\10to40.gdb\tavg_1607_WMA
387	Nekatambe	1	4	0.04	1585	2716	1131	2139.25	552.0359477	8557	4	1585	1585	1590	2716	1608	2016	8	C:\Users\kem99059\Desktop\Zambezi\Climate\SoilMoisture\10to40\10_40Clip\10to40.gdb\tavg_1608_WMA
388	Nemananga	2	2	0.02	1496	1715	219	1605.5	109.5	3211	2	1496	1496	1496	1715	1608	2016	8	C:\Users\kem99059\Desktop\Zambezi\Climate\SoilMoisture\10to40\10_40Clip\10to40.gdb\tavg_1608_WMA
389	Sidinda	3	6	0.06	1596	2802	1206	2186.166667	548.7171149	13117	6	1596	1596	1671	2802	1608	2016	8	C:\Users\kem99059\Desktop\Zambezi\Climate\SoilMoisture\10to40\10_40Clip\10to40.gdb\tavg_1608_WMA
390	Simangani	4	5	0.05	1455	2629	1174	2170	539.4567638	10850	5	1455	1455	2582	2629	1608	2016	8	C:\Users\kem99059\Desktop\Zambezi\Climate\SoilMoisture\10to40\10_40Clip\10to40.gdb\tavg_1608_WMA
391	Unknown 16	5	1	0.01	1564	1564	0	1564	0	1564	1	1564	1564	1564	1564	1608	2016	8	C:\Users\kem99059\Desktop\Zambezi\Climate\SoilMoisture\10to40\10_40Clip\10to40.gdb\tavg_1608_WMA
392	Chidobe	6	1	0.01	1635	1635	0	1635	0	1635	1	1635	1635	1635	1635	1608	2016	8	C:\Users\kem99059\Desktop\Zambezi\Climate\SoilMoisture\10to40\10_40Clip\10to40.gdb\tavg_1608_WMA
393	Jambezi	7	2	0.02	1670	1703	33	1686.5	16.5	3373	2	1670	1670	1670	1703	1608	2016	8	C:\Users\kem99059\Desktop\Zambezi\Climate\SoilMoisture\10to40\10_40Clip\10to40.gdb\tavg_1608_WMA
394	Kachecheti	8	2	0.02	1659	1690	31	1674.5	15.5	3349	2	1659	1659	1659	1690	1608	2016	8	C:\Users\kem99059\Desktop\Zambezi\Climate\SoilMoisture\10to40\10_40Clip\10to40.gdb\tavg_1608_WMA
395	Mabale	9	1	0.01	1563	1563	0	1563	0	1563	1	1563	1563	1563	1563	1608	2016	8	C:\Users\kem99059\Desktop\Zambezi\Climate\SoilMoisture\10to40\10_40Clip\10to40.gdb\tavg_1608_WMA
396	Nekatambe	1	4	0.04	1567	2699	1132	2121.5	552.2972479	8486	4	1567	1567	1572	2699	1609	2016	9	C:\Users\kem99059\Desktop\Zambezi\Climate\SoilMoisture\10to40\10_40Clip\10to40.gdb\tavg_1609_WMA
397	Nemananga	2	2	0.02	1478	1690	212	1584	106	3168	2	1478	1478	1478	1690	1609	2016	9	C:\Users\kem99059\Desktop\Zambezi\Climate\SoilMoisture\10to40\10_40Clip\10to40.gdb\tavg_1609_WMA
398	Sidinda	3	6	0.06	1579	2799	1220	2171.666667	554.0221616	13030	6	1579	1579	1650	2799	1609	2016	9	C:\Users\kem99059\Desktop\Zambezi\Climate\SoilMoisture\10to40\10_40Clip\10to40.gdb\tavg_1609_WMA
399	Simangani	4	5	0.05	1444	2609	1165	2152.6	536.1785524	10763	5	1444	1444	2562	2609	1609	2016	9	C:\Users\kem99059\Desktop\Zambezi\Climate\SoilMoisture\10to40\10_40Clip\10to40.gdb\tavg_1609_WMA
400	Unknown 16	5	1	0.01	1549	1549	0	1549	0	1549	1	1549	1549	1549	1549	1609	2016	9	C:\Users\kem99059\Desktop\Zambezi\Climate\SoilMoisture\10to40\10_40Clip\10to40.gdb\tavg_1609_WMA
401	Chidobe	6	1	0.01	1611	1611	0	1611	0	1611	1	1611	1611	1611	1611	1609	2016	9	C:\Users\kem99059\Desktop\Zambezi\Climate\SoilMoisture\10to40\10_40Clip\10to40.gdb\tavg_1609_WMA
402	Jambezi	7	2	0.02	1647	1679	32	1663	16	3326	2	1647	1647	1647	1679	1609	2016	9	C:\Users\kem99059\Desktop\Zambezi\Climate\SoilMoisture\10to40\10_40Clip\10to40.gdb\tavg_1609_WMA
403	Kachecheti	8	2	0.02	1634	1665	31	1649.5	15.5	3299	2	1634	1634	1634	1665	1609	2016	9	C:\Users\kem99059\Desktop\Zambezi\Climate\SoilMoisture\10to40\10_40Clip\10to40.gdb\tavg_1609_WMA
404	Mabale	9	1	0.01	1542	1542	0	1542	0	1542	1	1542	1542	1542	1542	1609	2016	9	C:\Users\kem99059\Desktop\Zambezi\Climate\SoilMoisture\10to40\10_40Clip\10to40.gdb\tavg_1609_WMA
405	Nekatambe	1	4	0.04	1554	2687	1133	2108	552.8186864	8432	4	1554	1554	1557	2687	1610	2016	10	C:\Users\kem99059\Desktop\Zambezi\Climate\SoilMoisture\10to40\10_40Clip\10to40.gdb\tavg_1610_WMA
406	Nemananga	2	2	0.02	1464	1669	205	1566.5	102.5	3133	2	1464	1464	1464	1669	1610	2016	10	C:\Users\kem99059\Desktop\Zambezi\Climate\SoilMoisture\10to40\10_40Clip\10to40.gdb\tavg_1610_WMA
407	Sidinda	3	6	0.06	1565	2797	1232	2160	558.1773912	12960	6	1565	1565	1633	2797	1610	2016	10	C:\Users\kem99059\Desktop\Zambezi\Climate\SoilMoisture\10to40\10_40Clip\10to40.gdb\tavg_1610_WMA
408	Simangani	4	5	0.05	1436	2594	1158	2138.8	533.4106861	10694	5	1436	1436	2545	2594	1610	2016	10	C:\Users\kem99059\Desktop\Zambezi\Climate\SoilMoisture\10to40\10_40Clip\10to40.gdb\tavg_1610_WMA
409	Unknown 16	5	1	0.01	1537	1537	0	1537	0	1537	1	1537	1537	1537	1537	1610	2016	10	C:\Users\kem99059\Desktop\Zambezi\Climate\SoilMoisture\10to40\10_40Clip\10to40.gdb\tavg_1610_WMA
410	Chidobe	6	1	0.01	1593	1593	0	1593	0	1593	1	1593	1593	1593	1593	1610	2016	10	C:\Users\kem99059\Desktop\Zambezi\Climate\SoilMoisture\10to40\10_40Clip\10to40.gdb\tavg_1610_WMA
411	Jambezi	7	2	0.02	1629	1660	31	1644.5	15.5	3289	2	1629	1629	1629	1660	1610	2016	10	C:\Users\kem99059\Desktop\Zambezi\Climate\SoilMoisture\10to40\10_40Clip\10to40.gdb\tavg_1610_WMA
412	Kachecheti	8	2	0.02	1615	1645	30	1630	15	3260	2	1615	1615	1615	1645	1610	2016	10	C:\Users\kem99059\Desktop\Zambezi\Climate\SoilMoisture\10to40\10_40Clip\10to40.gdb\tavg_1610_WMA
413	Mabale	9	1	0.01	1527	1527	0	1527	0	1527	1	1527	1527	1527	1527	1610	2016	10	C:\Users\kem99059\Desktop\Zambezi\Climate\SoilMoisture\10to40\10_40Clip\10to40.gdb\tavg_1610_WMA
414	Nekatambe	1	4	0.04	1583	2730	1147	2141.25	549.519506	8565	4	1583	1583	1602	2730	1611	2016	11	C:\Users\kem99059\Desktop\Zambezi\Climate\SoilMoisture\10to40\10_40Clip\10to40.gdb\tavg_1611_WMA
415	Nemananga	2	2	0.02	1590	1737	147	1663.5	73.5	3327	2	1590	1590	1590	1737	1611	2016	11	C:\Users\kem99059\Desktop\Zambezi\Climate\SoilMoisture\10to40\10_40Clip\10to40.gdb\tavg_1611_WMA
416	Sidinda	3	6	0.06	1592	2805	1213	2191.333333	538.7465906	13148	6	1592	1592	1703	2805	1611	2016	11	C:\Users\kem99059\Desktop\Zambezi\Climate\SoilMoisture\10to40\10_40Clip\10to40.gdb\tavg_1611_WMA
417	Simangani	4	5	0.05	1477	2572	1095	2140.4	510.9820349	10702	5	1477	1477	2533	2572	1611	2016	11	C:\Users\kem99059\Desktop\Zambezi\Climate\SoilMoisture\10to40\10_40Clip\10to40.gdb\tavg_1611_WMA
418	Unknown 16	5	1	0.01	1550	1550	0	1550	0	1550	1	1550	1550	1550	1550	1611	2016	11	C:\Users\kem99059\Desktop\Zambezi\Climate\SoilMoisture\10to40\10_40Clip\10to40.gdb\tavg_1611_WMA
419	Chidobe	6	1	0.01	1720	1720	0	1720	0	1720	1	1720	1720	1720	1720	1611	2016	11	C:\Users\kem99059\Desktop\Zambezi\Climate\SoilMoisture\10to40\10_40Clip\10to40.gdb\tavg_1611_WMA
420	Jambezi	7	2	0.02	1728	1734	6	1731	3	3462	2	1728	1728	1728	1734	1611	2016	11	C:\Users\kem99059\Desktop\Zambezi\Climate\SoilMoisture\10to40\10_40Clip\10to40.gdb\tavg_1611_WMA
421	Kachecheti	8	2	0.02	1734	1745	11	1739.5	5.5	3479	2	1734	1734	1734	1745	1611	2016	11	C:\Users\kem99059\Desktop\Zambezi\Climate\SoilMoisture\10to40\10_40Clip\10to40.gdb\tavg_1611_WMA
422	Mabale	9	1	0.01	1666	1666	0	1666	0	1666	1	1666	1666	1666	1666	1611	2016	11	C:\Users\kem99059\Desktop\Zambezi\Climate\SoilMoisture\10to40\10_40Clip\10to40.gdb\tavg_1611_WMA
423	Nekatambe	1	4	0.04	2448	3260	812	2843.75	382.1899887	11375	4	2448	2448	2477	3260	1612	2016	12	C:\Users\kem99059\Desktop\Zambezi\Climate\SoilMoisture\10to40\10_40Clip\10to40.gdb\tavg_1612_WMA
424	Nemananga	2	2	0.02	2671	2679	8	2675	4	5350	2	2671	2671	2671	2679	1612	2016	12	C:\Users\kem99059\Desktop\Zambezi\Climate\SoilMoisture\10to40\10_40Clip\10to40.gdb\tavg_1612_WMA
425	Sidinda	3	6	0.06	2552	3309	757	2954.166667	336.1167539	17725	6	2552	2552	2706	3309	1612	2016	12	C:\Users\kem99059\Desktop\Zambezi\Climate\SoilMoisture\10to40\10_40Clip\10to40.gdb\tavg_1612_WMA
426	Simangani	4	5	0.05	2450	3126	676	2853	325.4332497	14265	5	2450	2450	3109	3126	1612	2016	12	C:\Users\kem99059\Desktop\Zambezi\Climate\SoilMoisture\10to40\10_40Clip\10to40.gdb\tavg_1612_WMA
427	Unknown 16	5	1	0.01	2445	2445	0	2445	0	2445	1	2445	2445	2445	2445	1612	2016	12	C:\Users\kem99059\Desktop\Zambezi\Climate\SoilMoisture\10to40\10_40Clip\10to40.gdb\tavg_1612_WMA
428	Chidobe	6	1	0.01	2802	2802	0	2802	0	2802	1	2802	2802	2802	2802	1612	2016	12	C:\Users\kem99059\Desktop\Zambezi\Climate\SoilMoisture\10to40\10_40Clip\10to40.gdb\tavg_1612_WMA
429	Jambezi	7	2	0.02	2682	2752	70	2717	35	5434	2	2682	2682	2682	2752	1612	2016	12	C:\Users\kem99059\Desktop\Zambezi\Climate\SoilMoisture\10to40\10_40Clip\10to40.gdb\tavg_1612_WMA
430	Kachecheti	8	2	0.02	2727	2793	66	2760	33	5520	2	2727	2727	2727	2793	1612	2016	12	C:\Users\kem99059\Desktop\Zambezi\Climate\SoilMoisture\10to40\10_40Clip\10to40.gdb\tavg_1612_WMA
431	Mabale	9	1	0.01	2616	2616	0	2616	0	2616	1	2616	2616	2616	2616	1612	2016	12	C:\Users\kem99059\Desktop\Zambezi\Climate\SoilMoisture\10to40\10_40Clip\10to40.gdb\tavg_1612_WMA
