OID_,NAME,ZONE_CODE,COUNT,AREA,MIN,MAX,RANGE,MEAN,STD,SUM,VARIETY,MAJORITY,MINORITY,MEDIAN,PCT90,Date,Year,Month,MERGE_SRC
1,Nekatambe,1,4,0.04,3002,3657,655,3332.5,317.6716072,13330,4,3002,3002,3028,3657,1501,15,1,C:\Users\kem99059\Desktop\Zambezi\Climate\SoilMoisture\10to40\10_40Clip\10to40.gdb\tavg_1501_WMA
2,Nemananga,2,2,0.02,3001,3111,110,3056,55,6112,2,3001,3001,3001,3111,1501,15,1,C:\Users\kem99059\Desktop\Zambezi\Climate\SoilMoisture\10to40\10_40Clip\10to40.gdb\tavg_1501_WMA
3,Sidinda,3,6,0.06,2984,3653,669,3345.166667,299.2721263,20071,6,2984,2984,3101,3653,1501,15,1,C:\Users\kem99059\Desktop\Zambezi\Climate\SoilMoisture\10to40\10_40Clip\10to40.gdb\tavg_1501_WMA
4,Simangani,4,5,0.05,2863,3646,783,3355,328.6377945,16775,5,2863,2863,3581,3646,1501,15,1,C:\Users\kem99059\Desktop\Zambezi\Climate\SoilMoisture\10to40\10_40Clip\10to40.gdb\tavg_1501_WMA
5,Unknown 16,5,1,0.01,3011,3011,0,3011,0,3011,1,3011,3011,3011,3011,1501,15,1,C:\Users\kem99059\Desktop\Zambezi\Climate\SoilMoisture\10to40\10_40Clip\10to40.gdb\tavg_1501_WMA
6,Chidobe,6,1,0.01,3136,3136,0,3136,0,3136,1,3136,3136,3136,3136,1501,15,1,C:\Users\kem99059\Desktop\Zambezi\Climate\SoilMoisture\10to40\10_40Clip\10to40.gdb\tavg_1501_WMA
7,Jambezi,7,2,0.02,3093,3094,1,3093.5,0.5,6187,2,3093,3093,3093,3094,1501,15,1,C:\Users\kem99059\Desktop\Zambezi\Climate\SoilMoisture\10to40\10_40Clip\10to40.gdb\tavg_1501_WMA
8,Kachecheti,8,2,0.02,3123,3134,11,3128.5,5.5,6257,2,3123,3123,3123,3134,1501,15,1,C:\Users\kem99059\Desktop\Zambezi\Climate\SoilMoisture\10to40\10_40Clip\10to40.gdb\tavg_1501_WMA
9,Mabale,9,1,0.01,3028,3028,0,3028,0,3028,1,3028,3028,3028,3028,1501,15,1,C:\Users\kem99059\Desktop\Zambezi\Climate\SoilMoisture\10to40\10_40Clip\10to40.gdb\tavg_1501_WMA
10,Nekatambe,1,4,0.04,2779,3609,830,3201.75,388.3203413,12807,4,2779,2779,2850,3609,1502,15,2,C:\Users\kem99059\Desktop\Zambezi\Climate\SoilMoisture\10to40\10_40Clip\10to40.gdb\tavg_1502_WMA
11,Nemananga,2,2,0.02,2657,2860,203,2758.5,101.5,5517,2,2657,2657,2657,2860,1502,15,2,C:\Users\kem99059\Desktop\Zambezi\Climate\SoilMoisture\10to40\10_40Clip\10to40.gdb\tavg_1502_WMA
12,Sidinda,3,6,0.06,2633,3546,913,3118,384.9818178,18708,6,2633,2633,2796,3546,1502,15,2,C:\Users\kem99059\Desktop\Zambezi\Climate\SoilMoisture\10to40\10_40Clip\10to40.gdb\tavg_1502_WMA
13,Simangani,4,5,0.05,2499,3533,1034,3135,425.8943531,15675,5,2499,2499,3417,3533,1502,15,2,C:\Users\kem99059\Desktop\Zambezi\Climate\SoilMoisture\10to40\10_40Clip\10to40.gdb\tavg_1502_WMA
14,Unknown 16,5,1,0.01,2690,2690,0,2690,0,2690,1,2690,2690,2690,2690,1502,15,2,C:\Users\kem99059\Desktop\Zambezi\Climate\SoilMoisture\10to40\10_40Clip\10to40.gdb\tavg_1502_WMA
15,Chidobe,6,1,0.01,2793,2793,0,2793,0,2793,1,2793,2793,2793,2793,1502,15,2,C:\Users\kem99059\Desktop\Zambezi\Climate\SoilMoisture\10to40\10_40Clip\10to40.gdb\tavg_1502_WMA
16,Jambezi,7,2,0.02,2806,2827,21,2816.5,10.5,5633,2,2806,2806,2806,2827,1502,15,2,C:\Users\kem99059\Desktop\Zambezi\Climate\SoilMoisture\10to40\10_40Clip\10to40.gdb\tavg_1502_WMA
17,Kachecheti,8,2,0.02,2806,2846,40,2826,20,5652,2,2806,2806,2806,2846,1502,15,2,C:\Users\kem99059\Desktop\Zambezi\Climate\SoilMoisture\10to40\10_40Clip\10to40.gdb\tavg_1502_WMA
18,Mabale,9,1,0.01,2874,2874,0,2874,0,2874,1,2874,2874,2874,2874,1502,15,2,C:\Users\kem99059\Desktop\Zambezi\Climate\SoilMoisture\10to40\10_40Clip\10to40.gdb\tavg_1502_WMA
19,Nekatambe,1,4,0.04,1879,3069,1190,2481,573.9455549,9924,4,1879,1879,1936,3069,1503,15,3,C:\Users\kem99059\Desktop\Zambezi\Climate\SoilMoisture\10to40\10_40Clip\10to40.gdb\tavg_1503_WMA
20,Nemananga,2,2,0.02,1722,2006,284,1864,142,3728,2,1722,1722,1722,2006,1503,15,3,C:\Users\kem99059\Desktop\Zambezi\Climate\SoilMoisture\10to40\10_40Clip\10to40.gdb\tavg_1503_WMA
21,Sidinda,3,6,0.06,1795,3005,1210,2409.333333,548.6631227,14456,6,1795,1795,1909,3005,1503,15,3,C:\Users\kem99059\Desktop\Zambezi\Climate\SoilMoisture\10to40\10_40Clip\10to40.gdb\tavg_1503_WMA
22,Simangani,4,5,0.05,1633,3009,1376,2486.4,577.6662012,12432,5,1633,1633,2894,3009,1503,15,3,C:\Users\kem99059\Desktop\Zambezi\Climate\SoilMoisture\10to40\10_40Clip\10to40.gdb\tavg_1503_WMA
23,Unknown 16,5,1,0.01,1873,1873,0,1873,0,1873,1,1873,1873,1873,1873,1503,15,3,C:\Users\kem99059\Desktop\Zambezi\Climate\SoilMoisture\10to40\10_40Clip\10to40.gdb\tavg_1503_WMA
24,Chidobe,6,1,0.01,1923,1923,0,1923,0,1923,1,1923,1923,1923,1923,1503,15,3,C:\Users\kem99059\Desktop\Zambezi\Climate\SoilMoisture\10to40\10_40Clip\10to40.gdb\tavg_1503_WMA
25,Jambezi,7,2,0.02,1939,1944,5,1941.5,2.5,3883,2,1939,1939,1939,1944,1503,15,3,C:\Users\kem99059\Desktop\Zambezi\Climate\SoilMoisture\10to40\10_40Clip\10to40.gdb\tavg_1503_WMA
26,Kachecheti,8,2,0.02,1921,1967,46,1944,23,3888,2,1921,1921,1921,1967,1503,15,3,C:\Users\kem99059\Desktop\Zambezi\Climate\SoilMoisture\10to40\10_40Clip\10to40.gdb\tavg_1503_WMA
27,Mabale,9,1,0.01,2024,2024,0,2024,0,2024,1,2024,2024,2024,2024,1503,15,3,C:\Users\kem99059\Desktop\Zambezi\Climate\SoilMoisture\10to40\10_40Clip\10to40.gdb\tavg_1503_WMA
28,Nekatambe,1,4,0.04,2225,3143,918,2707,419.2940496,10828,4,2225,2225,2356,3143,1504,15,4,C:\Users\kem99059\Desktop\Zambezi\Climate\SoilMoisture\10to40\10_40Clip\10to40.gdb\tavg_1504_WMA
29,Nemananga,2,2,0.02,2227,2393,166,2310,83,4620,2,2227,2227,2227,2393,1504,15,4,C:\Users\kem99059\Desktop\Zambezi\Climate\SoilMoisture\10to40\10_40Clip\10to40.gdb\tavg_1504_WMA
30,Sidinda,3,6,0.06,2231,3069,838,2661.166667,389.150535,15967,6,2231,2231,2315,3069,1504,15,4,C:\Users\kem99059\Desktop\Zambezi\Climate\SoilMoisture\10to40\10_40Clip\10to40.gdb\tavg_1504_WMA
31,Simangani,4,5,0.05,2027,3092,1065,2714.8,431.0403229,13574,5,2027,2027,3011,3092,1504,15,4,C:\Users\kem99059\Desktop\Zambezi\Climate\SoilMoisture\10to40\10_40Clip\10to40.gdb\tavg_1504_WMA
32,Unknown 16,5,1,0.01,2305,2305,0,2305,0,2305,1,2305,2305,2305,2305,1504,15,4,C:\Users\kem99059\Desktop\Zambezi\Climate\SoilMoisture\10to40\10_40Clip\10to40.gdb\tavg_1504_WMA
33,Chidobe,6,1,0.01,2591,2591,0,2591,0,2591,1,2591,2591,2591,2591,1504,15,4,C:\Users\kem99059\Desktop\Zambezi\Climate\SoilMoisture\10to40\10_40Clip\10to40.gdb\tavg_1504_WMA
34,Jambezi,7,2,0.02,2328,2378,50,2353,25,4706,2,2328,2328,2328,2378,1504,15,4,C:\Users\kem99059\Desktop\Zambezi\Climate\SoilMoisture\10to40\10_40Clip\10to40.gdb\tavg_1504_WMA
35,Kachecheti,8,2,0.02,2538,2601,63,2569.5,31.5,5139,2,2538,2538,2538,2601,1504,15,4,C:\Users\kem99059\Desktop\Zambezi\Climate\SoilMoisture\10to40\10_40Clip\10to40.gdb\tavg_1504_WMA
36,Mabale,9,1,0.01,2443,2443,0,2443,0,2443,1,2443,2443,2443,2443,1504,15,4,C:\Users\kem99059\Desktop\Zambezi\Climate\SoilMoisture\10to40\10_40Clip\10to40.gdb\tavg_1504_WMA
37,Nekatambe,1,4,0.04,1919,2873,954,2397,450.3415371,9588,4,1919,1919,1976,2873,1505,15,5,C:\Users\kem99059\Desktop\Zambezi\Climate\SoilMoisture\10to40\10_40Clip\10to40.gdb\tavg_1505_WMA
38,Nemananga,2,2,0.02,1792,2032,240,1912,120,3824,2,1792,1792,1792,2032,1505,15,5,C:\Users\kem99059\Desktop\Zambezi\Climate\SoilMoisture\10to40\10_40Clip\10to40.gdb\tavg_1505_WMA
39,Sidinda,3,6,0.06,1931,2811,880,2369.5,425.168496,14217,6,1931,1931,1965,2811,1505,15,5,C:\Users\kem99059\Desktop\Zambezi\Climate\SoilMoisture\10to40\10_40Clip\10to40.gdb\tavg_1505_WMA
40,Simangani,4,5,0.05,1710,2809,1099,2399.4,465.0249886,11997,5,1710,1710,2735,2809,1505,15,5,C:\Users\kem99059\Desktop\Zambezi\Climate\SoilMoisture\10to40\10_40Clip\10to40.gdb\tavg_1505_WMA
41,Unknown 16,5,1,0.01,1925,1925,0,1925,0,1925,1,1925,1925,1925,1925,1505,15,5,C:\Users\kem99059\Desktop\Zambezi\Climate\SoilMoisture\10to40\10_40Clip\10to40.gdb\tavg_1505_WMA
42,Chidobe,6,1,0.01,2058,2058,0,2058,0,2058,1,2058,2058,2058,2058,1505,15,5,C:\Users\kem99059\Desktop\Zambezi\Climate\SoilMoisture\10to40\10_40Clip\10to40.gdb\tavg_1505_WMA
43,Jambezi,7,2,0.02,1987,1995,8,1991,4,3982,2,1987,1987,1987,1995,1505,15,5,C:\Users\kem99059\Desktop\Zambezi\Climate\SoilMoisture\10to40\10_40Clip\10to40.gdb\tavg_1505_WMA
44,Kachecheti,8,2,0.02,2079,2088,9,2083.5,4.5,4167,2,2079,2079,2079,2088,1505,15,5,C:\Users\kem99059\Desktop\Zambezi\Climate\SoilMoisture\10to40\10_40Clip\10to40.gdb\tavg_1505_WMA
45,Mabale,9,1,0.01,1987,1987,0,1987,0,1987,1,1987,1987,1987,1987,1505,15,5,C:\Users\kem99059\Desktop\Zambezi\Climate\SoilMoisture\10to40\10_40Clip\10to40.gdb\tavg_1505_WMA
46,Nekatambe,1,4,0.04,1727,2721,994,2215.25,475.8278969,8861,4,1727,1727,1753,2721,1506,15,6,C:\Users\kem99059\Desktop\Zambezi\Climate\SoilMoisture\10to40\10_40Clip\10to40.gdb\tavg_1506_WMA
47,Nemananga,2,2,0.02,1595,1826,231,1710.5,115.5,3421,2,1595,1595,1595,1826,1506,15,6,C:\Users\kem99059\Desktop\Zambezi\Climate\SoilMoisture\10to40\10_40Clip\10to40.gdb\tavg_1506_WMA
48,Sidinda,3,6,0.06,1742,2686,944,2207.333333,454.3147465,13244,6,1742,1742,1763,2686,1506,15,6,C:\Users\kem99059\Desktop\Zambezi\Climate\SoilMoisture\10to40\10_40Clip\10to40.gdb\tavg_1506_WMA
49,Simangani,4,5,0.05,1554,2650,1096,2229.2,480.1930445,11146,5,1554,1554,2583,2650,1506,15,6,C:\Users\kem99059\Desktop\Zambezi\Climate\SoilMoisture\10to40\10_40Clip\10to40.gdb\tavg_1506_WMA
50,Unknown 16,5,1,0.01,1715,1715,0,1715,0,1715,1,1715,1715,1715,1715,1506,15,6,C:\Users\kem99059\Desktop\Zambezi\Climate\SoilMoisture\10to40\10_40Clip\10to40.gdb\tavg_1506_WMA
51,Chidobe,6,1,0.01,1815,1815,0,1815,0,1815,1,1815,1815,1815,1815,1506,15,6,C:\Users\kem99059\Desktop\Zambezi\Climate\SoilMoisture\10to40\10_40Clip\10to40.gdb\tavg_1506_WMA
52,Jambezi,7,2,0.02,1784,1796,12,1790,6,3580,2,1784,1784,1784,1796,1506,15,6,C:\Users\kem99059\Desktop\Zambezi\Climate\SoilMoisture\10to40\10_40Clip\10to40.gdb\tavg_1506_WMA
53,Kachecheti,8,2,0.02,1838,1856,18,1847,9,3694,2,1838,1838,1838,1856,1506,15,6,C:\Users\kem99059\Desktop\Zambezi\Climate\SoilMoisture\10to40\10_40Clip\10to40.gdb\tavg_1506_WMA
54,Mabale,9,1,0.01,1719,1719,0,1719,0,1719,1,1719,1719,1719,1719,1506,15,6,C:\Users\kem99059\Desktop\Zambezi\Climate\SoilMoisture\10to40\10_40Clip\10to40.gdb\tavg_1506_WMA
55,Nekatambe,1,4,0.04,1644,2634,990,2126.5,476.0638087,8506,4,1644,1644,1658,2634,1507,15,7,C:\Users\kem99059\Desktop\Zambezi\Climate\SoilMoisture\10to40\10_40Clip\10to40.gdb\tavg_1507_WMA
56,Nemananga,2,2,0.02,1524,1736,212,1630,106,3260,2,1524,1524,1524,1736,1507,15,7,C:\Users\kem99059\Desktop\Zambezi\Climate\SoilMoisture\10to40\10_40Clip\10to40.gdb\tavg_1507_WMA
57,Sidinda,3,6,0.06,1658,2618,960,2129.833333,459.8696977,12779,6,1658,1658,1677,2618,1507,15,7,C:\Users\kem99059\Desktop\Zambezi\Climate\SoilMoisture\10to40\10_40Clip\10to40.gdb\tavg_1507_WMA
58,Simangani,4,5,0.05,1496,2562,1066,2147.6,474.7102695,10738,5,1496,1496,2500,2562,1507,15,7,C:\Users\kem99059\Desktop\Zambezi\Climate\SoilMoisture\10to40\10_40Clip\10to40.gdb\tavg_1507_WMA
59,Unknown 16,5,1,0.01,1628,1628,0,1628,0,1628,1,1628,1628,1628,1628,1507,15,7,C:\Users\kem99059\Desktop\Zambezi\Climate\SoilMoisture\10to40\10_40Clip\10to40.gdb\tavg_1507_WMA
60,Chidobe,6,1,0.01,1716,1716,0,1716,0,1716,1,1716,1716,1716,1716,1507,15,7,C:\Users\kem99059\Desktop\Zambezi\Climate\SoilMoisture\10to40\10_40Clip\10to40.gdb\tavg_1507_WMA
61,Jambezi,7,2,0.02,1694,1712,18,1703,9,3406,2,1694,1694,1694,1712,1507,15,7,C:\Users\kem99059\Desktop\Zambezi\Climate\SoilMoisture\10to40\10_40Clip\10to40.gdb\tavg_1507_WMA
62,Kachecheti,8,2,0.02,1738,1756,18,1747,9,3494,2,1738,1738,1738,1756,1507,15,7,C:\Users\kem99059\Desktop\Zambezi\Climate\SoilMoisture\10to40\10_40Clip\10to40.gdb\tavg_1507_WMA
63,Mabale,9,1,0.01,1613,1613,0,1613,0,1613,1,1613,1613,1613,1613,1507,15,7,C:\Users\kem99059\Desktop\Zambezi\Climate\SoilMoisture\10to40\10_40Clip\10to40.gdb\tavg_1507_WMA
64,Nekatambe,1,4,0.04,1603,2584,981,2079.25,472.337472,8317,4,1603,1603,1612,2584,1508,15,8,C:\Users\kem99059\Desktop\Zambezi\Climate\SoilMoisture\10to40\10_40Clip\10to40.gdb\tavg_1508_WMA
65,Nemananga,2,2,0.02,1489,1687,198,1588,99,3176,2,1489,1489,1489,1687,1508,15,8,C:\Users\kem99059\Desktop\Zambezi\Climate\SoilMoisture\10to40\10_40Clip\10to40.gdb\tavg_1508_WMA
66,Sidinda,3,6,0.06,1617,2579,962,2088.333333,459.7458235,12530,6,1617,1617,1637,2579,1508,15,8,C:\Users\kem99059\Desktop\Zambezi\Climate\SoilMoisture\10to40\10_40Clip\10to40.gdb\tavg_1508_WMA
67,Simangani,4,5,0.05,1470,2512,1042,2104.2,467.3338849,10521,5,1470,1470,2452,2512,1508,15,8,C:\Users\kem99059\Desktop\Zambezi\Climate\SoilMoisture\10to40\10_40Clip\10to40.gdb\tavg_1508_WMA
68,Unknown 16,5,1,0.01,1588,1588,0,1588,0,1588,1,1588,1588,1588,1588,1508,15,8,C:\Users\kem99059\Desktop\Zambezi\Climate\SoilMoisture\10to40\10_40Clip\10to40.gdb\tavg_1508_WMA
69,Chidobe,6,1,0.01,1663,1663,0,1663,0,1663,1,1663,1663,1663,1663,1508,15,8,C:\Users\kem99059\Desktop\Zambezi\Climate\SoilMoisture\10to40\10_40Clip\10to40.gdb\tavg_1508_WMA
70,Jambezi,7,2,0.02,1648,1667,19,1657.5,9.5,3315,2,1648,1648,1648,1667,1508,15,8,C:\Users\kem99059\Desktop\Zambezi\Climate\SoilMoisture\10to40\10_40Clip\10to40.gdb\tavg_1508_WMA
71,Kachecheti,8,2,0.02,1683,1701,18,1692,9,3384,2,1683,1683,1683,1701,1508,15,8,C:\Users\kem99059\Desktop\Zambezi\Climate\SoilMoisture\10to40\10_40Clip\10to40.gdb\tavg_1508_WMA
72,Mabale,9,1,0.01,1565,1565,0,1565,0,1565,1,1565,1565,1565,1565,1508,15,8,C:\Users\kem99059\Desktop\Zambezi\Climate\SoilMoisture\10to40\10_40Clip\10to40.gdb\tavg_1508_WMA
73,Nekatambe,1,4,0.04,1583,2560,977,2056.5,470.1236539,8226,4,1583,1583,1591,2560,1509,15,9,C:\Users\kem99059\Desktop\Zambezi\Climate\SoilMoisture\10to40\10_40Clip\10to40.gdb\tavg_1509_WMA
74,Nemananga,2,2,0.02,1471,1662,191,1566.5,95.5,3133,2,1471,1471,1471,1662,1509,15,9,C:\Users\kem99059\Desktop\Zambezi\Climate\SoilMoisture\10to40\10_40Clip\10to40.gdb\tavg_1509_WMA
75,Sidinda,3,6,0.06,1598,2560,962,2067.833333,458.958392,12407,6,1598,1598,1618,2560,1509,15,9,C:\Users\kem99059\Desktop\Zambezi\Climate\SoilMoisture\10to40\10_40Clip\10to40.gdb\tavg_1509_WMA
76,Simangani,4,5,0.05,1457,2487,1030,2082.8,462.782195,10414,5,1457,1457,2427,2487,1509,15,9,C:\Users\kem99059\Desktop\Zambezi\Climate\SoilMoisture\10to40\10_40Clip\10to40.gdb\tavg_1509_WMA
77,Unknown 16,5,1,0.01,1570,1570,0,1570,0,1570,1,1570,1570,1570,1570,1509,15,9,C:\Users\kem99059\Desktop\Zambezi\Climate\SoilMoisture\10to40\10_40Clip\10to40.gdb\tavg_1509_WMA
78,Chidobe,6,1,0.01,1634,1634,0,1634,0,1634,1,1634,1634,1634,1634,1509,15,9,C:\Users\kem99059\Desktop\Zambezi\Climate\SoilMoisture\10to40\10_40Clip\10to40.gdb\tavg_1509_WMA
79,Jambezi,7,2,0.02,1625,1645,20,1635,10,3270,2,1625,1625,1625,1645,1509,15,9,C:\Users\kem99059\Desktop\Zambezi\Climate\SoilMoisture\10to40\10_40Clip\10to40.gdb\tavg_1509_WMA
80,Kachecheti,8,2,0.02,1654,1673,19,1663.5,9.5,3327,2,1654,1654,1654,1673,1509,15,9,C:\Users\kem99059\Desktop\Zambezi\Climate\SoilMoisture\10to40\10_40Clip\10to40.gdb\tavg_1509_WMA
81,Mabale,9,1,0.01,1543,1543,0,1543,0,1543,1,1543,1543,1543,1543,1509,15,9,C:\Users\kem99059\Desktop\Zambezi\Climate\SoilMoisture\10to40\10_40Clip\10to40.gdb\tavg_1509_WMA
82,Nekatambe,1,4,0.04,1569,2541,972,2039,467.660133,8156,4,1569,1569,1575,2541,1510,15,10,C:\Users\kem99059\Desktop\Zambezi\Climate\SoilMoisture\10to40\10_40Clip\10to40.gdb\tavg_1510_WMA
83,Nemananga,2,2,0.02,1460,1643,183,1551.5,91.5,3103,2,1460,1460,1460,1643,1510,15,10,C:\Users\kem99059\Desktop\Zambezi\Climate\SoilMoisture\10to40\10_40Clip\10to40.gdb\tavg_1510_WMA
84,Sidinda,3,6,0.06,1584,2543,959,2051.333333,457.1610463,12308,6,1584,1584,1603,2543,1510,15,10,C:\Users\kem99059\Desktop\Zambezi\Climate\SoilMoisture\10to40\10_40Clip\10to40.gdb\tavg_1510_WMA
85,Simangani,4,5,0.05,1447,2466,1019,2065,458.3566297,10325,5,1447,1447,2405,2466,1510,15,10,C:\Users\kem99059\Desktop\Zambezi\Climate\SoilMoisture\10to40\10_40Clip\10to40.gdb\tavg_1510_WMA
86,Unknown 16,5,1,0.01,1556,1556,0,1556,0,1556,1,1556,1556,1556,1556,1510,15,10,C:\Users\kem99059\Desktop\Zambezi\Climate\SoilMoisture\10to40\10_40Clip\10to40.gdb\tavg_1510_WMA
87,Chidobe,6,1,0.01,1615,1615,0,1615,0,1615,1,1615,1615,1615,1615,1510,15,10,C:\Users\kem99059\Desktop\Zambezi\Climate\SoilMoisture\10to40\10_40Clip\10to40.gdb\tavg_1510_WMA
88,Jambezi,7,2,0.02,1609,1628,19,1618.5,9.5,3237,2,1609,1609,1609,1628,1510,15,10,C:\Users\kem99059\Desktop\Zambezi\Climate\SoilMoisture\10to40\10_40Clip\10to40.gdb\tavg_1510_WMA
89,Kachecheti,8,2,0.02,1633,1652,19,1642.5,9.5,3285,2,1633,1633,1633,1652,1510,15,10,C:\Users\kem99059\Desktop\Zambezi\Climate\SoilMoisture\10to40\10_40Clip\10to40.gdb\tavg_1510_WMA
90,Mabale,9,1,0.01,1528,1528,0,1528,0,1528,1,1528,1528,1528,1528,1510,15,10,C:\Users\kem99059\Desktop\Zambezi\Climate\SoilMoisture\10to40\10_40Clip\10to40.gdb\tavg_1510_WMA
91,Nekatambe,1,4,0.04,1542,2483,941,1996.75,453.3714675,7987,4,1542,1542,1546,2483,1511,15,11,C:\Users\kem99059\Desktop\Zambezi\Climate\SoilMoisture\10to40\10_40Clip\10to40.gdb\tavg_1511_WMA
92,Nemananga,2,2,0.02,1450,1621,171,1535.5,85.5,3071,2,1450,1450,1450,1621,1511,15,11,C:\Users\kem99059\Desktop\Zambezi\Climate\SoilMoisture\10to40\10_40Clip\10to40.gdb\tavg_1511_WMA
93,Sidinda,3,6,0.06,1556,2498,942,2014.666667,446.5596887,12088,6,1556,1556,1578,2498,1511,15,11,C:\Users\kem99059\Desktop\Zambezi\Climate\SoilMoisture\10to40\10_40Clip\10to40.gdb\tavg_1511_WMA
94,Simangani,4,5,0.05,1436,2412,976,2025.6,440.9619485,10128,5,1436,1436,2353,2412,1511,15,11,C:\Users\kem99059\Desktop\Zambezi\Climate\SoilMoisture\10to40\10_40Clip\10to40.gdb\tavg_1511_WMA
95,Unknown 16,5,1,0.01,1531,1531,0,1531,0,1531,1,1531,1531,1531,1531,1511,15,11,C:\Users\kem99059\Desktop\Zambezi\Climate\SoilMoisture\10to40\10_40Clip\10to40.gdb\tavg_1511_WMA
96,Chidobe,6,1,0.01,1617,1617,0,1617,0,1617,1,1617,1617,1617,1617,1511,15,11,C:\Users\kem99059\Desktop\Zambezi\Climate\SoilMoisture\10to40\10_40Clip\10to40.gdb\tavg_1511_WMA
97,Jambezi,7,2,0.02,1584,1600,16,1592,8,3184,2,1584,1584,1584,1600,1511,15,11,C:\Users\kem99059\Desktop\Zambezi\Climate\SoilMoisture\10to40\10_40Clip\10to40.gdb\tavg_1511_WMA
98,Kachecheti,8,2,0.02,1624,1636,12,1630,6,3260,2,1624,1624,1624,1636,1511,15,11,C:\Users\kem99059\Desktop\Zambezi\Climate\SoilMoisture\10to40\10_40Clip\10to40.gdb\tavg_1511_WMA
99,Mabale,9,1,0.01,1504,1504,0,1504,0,1504,1,1504,1504,1504,1504,1511,15,11,C:\Users\kem99059\Desktop\Zambezi\Climate\SoilMoisture\10to40\10_40Clip\10to40.gdb\tavg_1511_WMA
100,Nekatambe,1,4,0.04,2167,3080,913,2628.75,414.2079037,10515,4,2167,2167,2267,3080,1512,15,12,C:\Users\kem99059\Desktop\Zambezi\Climate\SoilMoisture\10to40\10_40Clip\10to40.gdb\tavg_1512_WMA
101,Nemananga,2,2,0.02,2107,2273,166,2190,83,4380,2,2107,2107,2107,2273,1512,15,12,C:\Users\kem99059\Desktop\Zambezi\Climate\SoilMoisture\10to40\10_40Clip\10to40.gdb\tavg_1512_WMA
102,Sidinda,3,6,0.06,1980,2848,868,2439.833333,391.7858329,14639,6,1980,1980,2106,2848,1512,15,12,C:\Users\kem99059\Desktop\Zambezi\Climate\SoilMoisture\10to40\10_40Clip\10to40.gdb\tavg_1512_WMA
103,Simangani,4,5,0.05,1882,2914,1032,2503.2,451.1014963,12516,5,1882,1882,2803,2914,1512,15,12,C:\Users\kem99059\Desktop\Zambezi\Climate\SoilMoisture\10to40\10_40Clip\10to40.gdb\tavg_1512_WMA
104,Unknown 16,5,1,0.01,1965,1965,0,1965,0,1965,1,1965,1965,1965,1965,1512,15,12,C:\Users\kem99059\Desktop\Zambezi\Climate\SoilMoisture\10to40\10_40Clip\10to40.gdb\tavg_1512_WMA
105,Chidobe,6,1,0.01,2602,2602,0,2602,0,2602,1,2602,2602,2602,2602,1512,15,12,C:\Users\kem99059\Desktop\Zambezi\Climate\SoilMoisture\10to40\10_40Clip\10to40.gdb\tavg_1512_WMA
106,Jambezi,7,2,0.02,2184,2209,25,2196.5,12.5,4393,2,2184,2184,2184,2209,1512,15,12,C:\Users\kem99059\Desktop\Zambezi\Climate\SoilMoisture\10to40\10_40Clip\10to40.gdb\tavg_1512_WMA
107,Kachecheti,8,2,0.02,2400,2514,114,2457,57,4914,2,2400,2400,2400,2514,1512,15,12,C:\Users\kem99059\Desktop\Zambezi\Climate\SoilMoisture\10to40\10_40Clip\10to40.gdb\tavg_1512_WMA
108,Mabale,9,1,0.01,2376,2376,0,2376,0,2376,1,2376,2376,2376,2376,1512,15,12,C:\Users\kem99059\Desktop\Zambezi\Climate\SoilMoisture\10to40\10_40Clip\10to40.gdb\tavg_1512_WMA
109,Nekatambe,1,4,0.04,2184,2996,812,2594,370.4247562,10376,4,2184,2184,2267,2996,1601,16,1,C:\Users\kem99059\Desktop\Zambezi\Climate\SoilMoisture\10to40\10_40Clip\10to40.gdb\tavg_1601_WMA
110,Nemananga,2,2,0.02,2070,2251,181,2160.5,90.5,4321,2,2070,2070,2070,2251,1601,16,1,C:\Users\kem99059\Desktop\Zambezi\Climate\SoilMoisture\10to40\10_40Clip\10to40.gdb\tavg_1601_WMA
111,Sidinda,3,6,0.06,2052,2844,792,2459.833333,358.7549845,14759,6,2052,2052,2141,2844,1601,16,1,C:\Users\kem99059\Desktop\Zambezi\Climate\SoilMoisture\10to40\10_40Clip\10to40.gdb\tavg_1601_WMA
112,Simangani,4,5,0.05,1931,2882,951,2528.2,392.8981547,12641,5,1931,1931,2794,2882,1601,16,1,C:\Users\kem99059\Desktop\Zambezi\Climate\SoilMoisture\10to40\10_40Clip\10to40.gdb\tavg_1601_WMA
113,Unknown 16,5,1,0.01,2091,2091,0,2091,0,2091,1,2091,2091,2091,2091,1601,16,1,C:\Users\kem99059\Desktop\Zambezi\Climate\SoilMoisture\10to40\10_40Clip\10to40.gdb\tavg_1601_WMA
114,Chidobe,6,1,0.01,2482,2482,0,2482,0,2482,1,2482,2482,2482,2482,1601,16,1,C:\Users\kem99059\Desktop\Zambezi\Climate\SoilMoisture\10to40\10_40Clip\10to40.gdb\tavg_1601_WMA
115,Jambezi,7,2,0.02,2202,2209,7,2205.5,3.5,4411,2,2202,2202,2202,2209,1601,16,1,C:\Users\kem99059\Desktop\Zambezi\Climate\SoilMoisture\10to40\10_40Clip\10to40.gdb\tavg_1601_WMA
116,Kachecheti,8,2,0.02,2306,2404,98,2355,49,4710,2,2306,2306,2306,2404,1601,16,1,C:\Users\kem99059\Desktop\Zambezi\Climate\SoilMoisture\10to40\10_40Clip\10to40.gdb\tavg_1601_WMA
117,Mabale,9,1,0.01,2384,2384,0,2384,0,2384,1,2384,2384,2384,2384,1601,16,1,C:\Users\kem99059\Desktop\Zambezi\Climate\SoilMoisture\10to40\10_40Clip\10to40.gdb\tavg_1601_WMA
118,Nekatambe,1,4,0.04,2824,3382,558,3100.75,250.1573255,12403,4,2824,2824,2881,3382,1602,16,2,C:\Users\kem99059\Desktop\Zambezi\Climate\SoilMoisture\10to40\10_40Clip\10to40.gdb\tavg_1602_WMA
119,Nemananga,2,2,0.02,2748,2903,155,2825.5,77.5,5651,2,2748,2748,2748,2903,1602,16,2,C:\Users\kem99059\Desktop\Zambezi\Climate\SoilMoisture\10to40\10_40Clip\10to40.gdb\tavg_1602_WMA
120,Sidinda,3,6,0.06,2743,3316,573,3034.166667,240.6958085,18205,6,2743,2743,2825,3316,1602,16,2,C:\Users\kem99059\Desktop\Zambezi\Climate\SoilMoisture\10to40\10_40Clip\10to40.gdb\tavg_1602_WMA
121,Simangani,4,5,0.05,2490,3250,760,2978.2,310.7116992,14891,5,2490,2490,3210,3250,1602,16,2,C:\Users\kem99059\Desktop\Zambezi\Climate\SoilMoisture\10to40\10_40Clip\10to40.gdb\tavg_1602_WMA
122,Unknown 16,5,1,0.01,2673,2673,0,2673,0,2673,1,2673,2673,2673,2673,1602,16,2,C:\Users\kem99059\Desktop\Zambezi\Climate\SoilMoisture\10to40\10_40Clip\10to40.gdb\tavg_1602_WMA
123,Chidobe,6,1,0.01,2860,2860,0,2860,0,2860,1,2860,2860,2860,2860,1602,16,2,C:\Users\kem99059\Desktop\Zambezi\Climate\SoilMoisture\10to40\10_40Clip\10to40.gdb\tavg_1602_WMA
124,Jambezi,7,2,0.02,2876,2902,26,2889,13,5778,2,2876,2876,2876,2902,1602,16,2,C:\Users\kem99059\Desktop\Zambezi\Climate\SoilMoisture\10to40\10_40Clip\10to40.gdb\tavg_1602_WMA
125,Kachecheti,8,2,0.02,2817,2838,21,2827.5,10.5,5655,2,2817,2817,2817,2838,1602,16,2,C:\Users\kem99059\Desktop\Zambezi\Climate\SoilMoisture\10to40\10_40Clip\10to40.gdb\tavg_1602_WMA
126,Mabale,9,1,0.01,3000,3000,0,3000,0,3000,1,3000,3000,3000,3000,1602,16,2,C:\Users\kem99059\Desktop\Zambezi\Climate\SoilMoisture\10to40\10_40Clip\10to40.gdb\tavg_1602_WMA
127,Nekatambe,1,4,0.04,3077,3685,608,3385.75,281.2946631,13543,4,3077,3077,3134,3685,1603,16,3,C:\Users\kem99059\Desktop\Zambezi\Climate\SoilMoisture\10to40\10_40Clip\10to40.gdb\tavg_1603_WMA
128,Nemananga,2,2,0.02,3166,3235,69,3200.5,34.5,6401,2,3166,3166,3166,3235,1603,16,3,C:\Users\kem99059\Desktop\Zambezi\Climate\SoilMoisture\10to40\10_40Clip\10to40.gdb\tavg_1603_WMA
129,Sidinda,3,6,0.06,3103,3612,509,3362.5,204.5757806,20175,6,3103,3103,3196,3612,1603,16,3,C:\Users\kem99059\Desktop\Zambezi\Climate\SoilMoisture\10to40\10_40Clip\10to40.gdb\tavg_1603_WMA
130,Simangani,4,5,0.05,3005,3584,579,3332.8,232.5075483,16664,5,3005,3005,3466,3584,1603,16,3,C:\Users\kem99059\Desktop\Zambezi\Climate\SoilMoisture\10to40\10_40Clip\10to40.gdb\tavg_1603_WMA
131,Unknown 16,5,1,0.01,3099,3099,0,3099,0,3099,1,3099,3099,3099,3099,1603,16,3,C:\Users\kem99059\Desktop\Zambezi\Climate\SoilMoisture\10to40\10_40Clip\10to40.gdb\tavg_1603_WMA
132,Chidobe,6,1,0.01,3197,3197,0,3197,0,3197,1,3197,3197,3197,3197,1603,16,3,C:\Users\kem99059\Desktop\Zambezi\Climate\SoilMoisture\10to40\10_40Clip\10to40.gdb\tavg_1603_WMA
133,Jambezi,7,2,0.02,3220,3227,7,3223.5,3.5,6447,2,3220,3220,3220,3227,1603,16,3,C:\Users\kem99059\Desktop\Zambezi\Climate\SoilMoisture\10to40\10_40Clip\10to40.gdb\tavg_1603_WMA
134,Kachecheti,8,2,0.02,3216,3222,6,3219,3,6438,2,3216,3216,3216,3222,1603,16,3,C:\Users\kem99059\Desktop\Zambezi\Climate\SoilMoisture\10to40\10_40Clip\10to40.gdb\tavg_1603_WMA
135,Mabale,9,1,0.01,3198,3198,0,3198,0,3198,1,3198,3198,3198,3198,1603,16,3,C:\Users\kem99059\Desktop\Zambezi\Climate\SoilMoisture\10to40\10_40Clip\10to40.gdb\tavg_1603_WMA
136,Nekatambe,1,4,0.04,2262,3204,942,2738.5,454.8326615,10954,4,2262,2262,2306,3204,1604,16,4,C:\Users\kem99059\Desktop\Zambezi\Climate\SoilMoisture\10to40\10_40Clip\10to40.gdb\tavg_1604_WMA
137,Nemananga,2,2,0.02,2251,2465,214,2358,107,4716,2,2251,2251,2251,2465,1604,16,4,C:\Users\kem99059\Desktop\Zambezi\Climate\SoilMoisture\10to40\10_40Clip\10to40.gdb\tavg_1604_WMA
138,Sidinda,3,6,0.06,2281,3176,895,2747.833333,399.0528021,16487,6,2281,2281,2389,3176,1604,16,4,C:\Users\kem99059\Desktop\Zambezi\Climate\SoilMoisture\10to40\10_40Clip\10to40.gdb\tavg_1604_WMA
139,Simangani,4,5,0.05,2074,3149,1075,2740.6,457.9915283,13703,5,2074,2074,3068,3149,1604,16,4,C:\Users\kem99059\Desktop\Zambezi\Climate\SoilMoisture\10to40\10_40Clip\10to40.gdb\tavg_1604_WMA
140,Unknown 16,5,1,0.01,2269,2269,0,2269,0,2269,1,2269,2269,2269,2269,1604,16,4,C:\Users\kem99059\Desktop\Zambezi\Climate\SoilMoisture\10to40\10_40Clip\10to40.gdb\tavg_1604_WMA
141,Chidobe,6,1,0.01,2394,2394,0,2394,0,2394,1,2394,2394,2394,2394,1604,16,4,C:\Users\kem99059\Desktop\Zambezi\Climate\SoilMoisture\10to40\10_40Clip\10to40.gdb\tavg_1604_WMA
142,Jambezi,7,2,0.02,2426,2435,9,2430.5,4.5,4861,2,2426,2426,2426,2435,1604,16,4,C:\Users\kem99059\Desktop\Zambezi\Climate\SoilMoisture\10to40\10_40Clip\10to40.gdb\tavg_1604_WMA
143,Kachecheti,8,2,0.02,2429,2443,14,2436,7,4872,2,2429,2429,2429,2443,1604,16,4,C:\Users\kem99059\Desktop\Zambezi\Climate\SoilMoisture\10to40\10_40Clip\10to40.gdb\tavg_1604_WMA
144,Mabale,9,1,0.01,2375,2375,0,2375,0,2375,1,2375,2375,2375,2375,1604,16,4,C:\Users\kem99059\Desktop\Zambezi\Climate\SoilMoisture\10to40\10_40Clip\10to40.gdb\tavg_1604_WMA
145,Nekatambe,1,4,0.04,1840,2966,1126,2399.75,546.032222,9599,4,1840,1840,1868,2966,1605,16,5,C:\Users\kem99059\Desktop\Zambezi\Climate\SoilMoisture\10to40\10_40Clip\10to40.gdb\tavg_1605_WMA
146,Nemananga,2,2,0.02,1750,2013,263,1881.5,131.5,3763,2,1750,1750,1750,2013,1605,16,5,C:\Users\kem99059\Desktop\Zambezi\Climate\SoilMoisture\10to40\10_40Clip\10to40.gdb\tavg_1605_WMA
147,Sidinda,3,6,0.06,1850,2966,1116,2416.833333,507.5718066,14501,6,1850,1850,1945,2966,1605,16,5,C:\Users\kem99059\Desktop\Zambezi\Climate\SoilMoisture\10to40\10_40Clip\10to40.gdb\tavg_1605_WMA
148,Simangani,4,5,0.05,1636,2889,1253,2409.6,552.5803471,12048,5,1636,1636,2820,2889,1605,16,5,C:\Users\kem99059\Desktop\Zambezi\Climate\SoilMoisture\10to40\10_40Clip\10to40.gdb\tavg_1605_WMA
149,Unknown 16,5,1,0.01,1825,1825,0,1825,0,1825,1,1825,1825,1825,1825,1605,16,5,C:\Users\kem99059\Desktop\Zambezi\Climate\SoilMoisture\10to40\10_40Clip\10to40.gdb\tavg_1605_WMA
150,Chidobe,6,1,0.01,1921,1921,0,1921,0,1921,1,1921,1921,1921,1921,1605,16,5,C:\Users\kem99059\Desktop\Zambezi\Climate\SoilMoisture\10to40\10_40Clip\10to40.gdb\tavg_1605_WMA
151,Jambezi,7,2,0.02,1966,1991,25,1978.5,12.5,3957,2,1966,1966,1966,1991,1605,16,5,C:\Users\kem99059\Desktop\Zambezi\Climate\SoilMoisture\10to40\10_40Clip\10to40.gdb\tavg_1605_WMA
152,Kachecheti,8,2,0.02,1951,1985,34,1968,17,3936,2,1951,1951,1951,1985,1605,16,5,C:\Users\kem99059\Desktop\Zambezi\Climate\SoilMoisture\10to40\10_40Clip\10to40.gdb\tavg_1605_WMA
153,Mabale,9,1,0.01,1897,1897,0,1897,0,1897,1,1897,1897,1897,1897,1605,16,5,C:\Users\kem99059\Desktop\Zambezi\Climate\SoilMoisture\10to40\10_40Clip\10to40.gdb\tavg_1605_WMA
154,Nekatambe,1,4,0.04,1691,2838,1147,2257,558.7517338,9028,4,1691,1691,1706,2838,1606,16,6,C:\Users\kem99059\Desktop\Zambezi\Climate\SoilMoisture\10to40\10_40Clip\10to40.gdb\tavg_1606_WMA
155,Nemananga,2,2,0.02,1596,1846,250,1721,125,3442,2,1596,1596,1596,1846,1606,16,6,C:\Users\kem99059\Desktop\Zambezi\Climate\SoilMoisture\10to40\10_40Clip\10to40.gdb\tavg_1606_WMA
156,Sidinda,3,6,0.06,1701,2875,1174,2287.666667,535.0425736,13726,6,1701,1701,1789,2875,1606,16,6,C:\Users\kem99059\Desktop\Zambezi\Climate\SoilMoisture\10to40\10_40Clip\10to40.gdb\tavg_1606_WMA
157,Simangani,4,5,0.05,1522,2756,1234,2277.8,556.3065342,11389,5,1522,1522,2698,2756,1606,16,6,C:\Users\kem99059\Desktop\Zambezi\Climate\SoilMoisture\10to40\10_40Clip\10to40.gdb\tavg_1606_WMA
158,Unknown 16,5,1,0.01,1669,1669,0,1669,0,1669,1,1669,1669,1669,1669,1606,16,6,C:\Users\kem99059\Desktop\Zambezi\Climate\SoilMoisture\10to40\10_40Clip\10to40.gdb\tavg_1606_WMA
159,Chidobe,6,1,0.01,1756,1756,0,1756,0,1756,1,1756,1756,1756,1756,1606,16,6,C:\Users\kem99059\Desktop\Zambezi\Climate\SoilMoisture\10to40\10_40Clip\10to40.gdb\tavg_1606_WMA
160,Jambezi,7,2,0.02,1797,1829,32,1813,16,3626,2,1797,1797,1797,1829,1606,16,6,C:\Users\kem99059\Desktop\Zambezi\Climate\SoilMoisture\10to40\10_40Clip\10to40.gdb\tavg_1606_WMA
161,Kachecheti,8,2,0.02,1784,1819,35,1801.5,17.5,3603,2,1784,1784,1784,1819,1606,16,6,C:\Users\kem99059\Desktop\Zambezi\Climate\SoilMoisture\10to40\10_40Clip\10to40.gdb\tavg_1606_WMA
162,Mabale,9,1,0.01,1700,1700,0,1700,0,1700,1,1700,1700,1700,1700,1606,16,6,C:\Users\kem99059\Desktop\Zambezi\Climate\SoilMoisture\10to40\10_40Clip\10to40.gdb\tavg_1606_WMA
163,Nekatambe,1,4,0.04,1621,2760,1139,2180.75,555.5183953,8723,4,1621,1621,1630,2760,1607,16,7,C:\Users\kem99059\Desktop\Zambezi\Climate\SoilMoisture\10to40\10_40Clip\10to40.gdb\tavg_1607_WMA
164,Nemananga,2,2,0.02,1530,1763,233,1646.5,116.5,3293,2,1530,1530,1530,1763,1607,16,7,C:\Users\kem99059\Desktop\Zambezi\Climate\SoilMoisture\10to40\10_40Clip\10to40.gdb\tavg_1607_WMA
165,Sidinda,3,6,0.06,1631,2826,1195,2221.166667,544.282836,13327,6,1631,1631,1712,2826,1607,16,7,C:\Users\kem99059\Desktop\Zambezi\Climate\SoilMoisture\10to40\10_40Clip\10to40.gdb\tavg_1607_WMA
166,Simangani,4,5,0.05,1476,2675,1199,2207.4,547.4499429,11037,5,1476,1476,2624,2675,1607,16,7,C:\Users\kem99059\Desktop\Zambezi\Climate\SoilMoisture\10to40\10_40Clip\10to40.gdb\tavg_1607_WMA
167,Unknown 16,5,1,0.01,1598,1598,0,1598,0,1598,1,1598,1598,1598,1598,1607,16,7,C:\Users\kem99059\Desktop\Zambezi\Climate\SoilMoisture\10to40\10_40Clip\10to40.gdb\tavg_1607_WMA
168,Chidobe,6,1,0.01,1679,1679,0,1679,0,1679,1,1679,1679,1679,1679,1607,16,7,C:\Users\kem99059\Desktop\Zambezi\Climate\SoilMoisture\10to40\10_40Clip\10to40.gdb\tavg_1607_WMA
169,Jambezi,7,2,0.02,1715,1748,33,1731.5,16.5,3463,2,1715,1715,1715,1748,1607,16,7,C:\Users\kem99059\Desktop\Zambezi\Climate\SoilMoisture\10to40\10_40Clip\10to40.gdb\tavg_1607_WMA
170,Kachecheti,8,2,0.02,1705,1738,33,1721.5,16.5,3443,2,1705,1705,1705,1738,1607,16,7,C:\Users\kem99059\Desktop\Zambezi\Climate\SoilMoisture\10to40\10_40Clip\10to40.gdb\tavg_1607_WMA
171,Mabale,9,1,0.01,1608,1608,0,1608,0,1608,1,1608,1608,1608,1608,1607,16,7,C:\Users\kem99059\Desktop\Zambezi\Climate\SoilMoisture\10to40\10_40Clip\10to40.gdb\tavg_1607_WMA
172,Nekatambe,1,4,0.04,1585,2716,1131,2139.25,552.0359477,8557,4,1585,1585,1590,2716,1608,16,8,C:\Users\kem99059\Desktop\Zambezi\Climate\SoilMoisture\10to40\10_40Clip\10to40.gdb\tavg_1608_WMA
173,Nemananga,2,2,0.02,1496,1715,219,1605.5,109.5,3211,2,1496,1496,1496,1715,1608,16,8,C:\Users\kem99059\Desktop\Zambezi\Climate\SoilMoisture\10to40\10_40Clip\10to40.gdb\tavg_1608_WMA
174,Sidinda,3,6,0.06,1596,2802,1206,2186.166667,548.7171149,13117,6,1596,1596,1671,2802,1608,16,8,C:\Users\kem99059\Desktop\Zambezi\Climate\SoilMoisture\10to40\10_40Clip\10to40.gdb\tavg_1608_WMA
175,Simangani,4,5,0.05,1455,2629,1174,2170,539.4567638,10850,5,1455,1455,2582,2629,1608,16,8,C:\Users\kem99059\Desktop\Zambezi\Climate\SoilMoisture\10to40\10_40Clip\10to40.gdb\tavg_1608_WMA
176,Unknown 16,5,1,0.01,1564,1564,0,1564,0,1564,1,1564,1564,1564,1564,1608,16,8,C:\Users\kem99059\Desktop\Zambezi\Climate\SoilMoisture\10to40\10_40Clip\10to40.gdb\tavg_1608_WMA
177,Chidobe,6,1,0.01,1635,1635,0,1635,0,1635,1,1635,1635,1635,1635,1608,16,8,C:\Users\kem99059\Desktop\Zambezi\Climate\SoilMoisture\10to40\10_40Clip\10to40.gdb\tavg_1608_WMA
178,Jambezi,7,2,0.02,1670,1703,33,1686.5,16.5,3373,2,1670,1670,1670,1703,1608,16,8,C:\Users\kem99059\Desktop\Zambezi\Climate\SoilMoisture\10to40\10_40Clip\10to40.gdb\tavg_1608_WMA
179,Kachecheti,8,2,0.02,1659,1690,31,1674.5,15.5,3349,2,1659,1659,1659,1690,1608,16,8,C:\Users\kem99059\Desktop\Zambezi\Climate\SoilMoisture\10to40\10_40Clip\10to40.gdb\tavg_1608_WMA
180,Mabale,9,1,0.01,1563,1563,0,1563,0,1563,1,1563,1563,1563,1563,1608,16,8,C:\Users\kem99059\Desktop\Zambezi\Climate\SoilMoisture\10to40\10_40Clip\10to40.gdb\tavg_1608_WMA
181,Nekatambe,1,4,0.04,1567,2699,1132,2121.5,552.2972479,8486,4,1567,1567,1572,2699,1609,16,9,C:\Users\kem99059\Desktop\Zambezi\Climate\SoilMoisture\10to40\10_40Clip\10to40.gdb\tavg_1609_WMA
182,Nemananga,2,2,0.02,1478,1690,212,1584,106,3168,2,1478,1478,1478,1690,1609,16,9,C:\Users\kem99059\Desktop\Zambezi\Climate\SoilMoisture\10to40\10_40Clip\10to40.gdb\tavg_1609_WMA
183,Sidinda,3,6,0.06,1579,2799,1220,2171.666667,554.0221616,13030,6,1579,1579,1650,2799,1609,16,9,C:\Users\kem99059\Desktop\Zambezi\Climate\SoilMoisture\10to40\10_40Clip\10to40.gdb\tavg_1609_WMA
184,Simangani,4,5,0.05,1444,2609,1165,2152.6,536.1785523,10763,5,1444,1444,2562,2609,1609,16,9,C:\Users\kem99059\Desktop\Zambezi\Climate\SoilMoisture\10to40\10_40Clip\10to40.gdb\tavg_1609_WMA
185,Unknown 16,5,1,0.01,1549,1549,0,1549,0,1549,1,1549,1549,1549,1549,1609,16,9,C:\Users\kem99059\Desktop\Zambezi\Climate\SoilMoisture\10to40\10_40Clip\10to40.gdb\tavg_1609_WMA
186,Chidobe,6,1,0.01,1611,1611,0,1611,0,1611,1,1611,1611,1611,1611,1609,16,9,C:\Users\kem99059\Desktop\Zambezi\Climate\SoilMoisture\10to40\10_40Clip\10to40.gdb\tavg_1609_WMA
187,Jambezi,7,2,0.02,1647,1679,32,1663,16,3326,2,1647,1647,1647,1679,1609,16,9,C:\Users\kem99059\Desktop\Zambezi\Climate\SoilMoisture\10to40\10_40Clip\10to40.gdb\tavg_1609_WMA
188,Kachecheti,8,2,0.02,1634,1665,31,1649.5,15.5,3299,2,1634,1634,1634,1665,1609,16,9,C:\Users\kem99059\Desktop\Zambezi\Climate\SoilMoisture\10to40\10_40Clip\10to40.gdb\tavg_1609_WMA
189,Mabale,9,1,0.01,1542,1542,0,1542,0,1542,1,1542,1542,1542,1542,1609,16,9,C:\Users\kem99059\Desktop\Zambezi\Climate\SoilMoisture\10to40\10_40Clip\10to40.gdb\tavg_1609_WMA
190,Nekatambe,1,4,0.04,1554,2687,1133,2108,552.8186864,8432,4,1554,1554,1557,2687,1610,16,10,C:\Users\kem99059\Desktop\Zambezi\Climate\SoilMoisture\10to40\10_40Clip\10to40.gdb\tavg_1610_WMA
191,Nemananga,2,2,0.02,1464,1669,205,1566.5,102.5,3133,2,1464,1464,1464,1669,1610,16,10,C:\Users\kem99059\Desktop\Zambezi\Climate\SoilMoisture\10to40\10_40Clip\10to40.gdb\tavg_1610_WMA
192,Sidinda,3,6,0.06,1565,2797,1232,2160,558.1773912,12960,6,1565,1565,1633,2797,1610,16,10,C:\Users\kem99059\Desktop\Zambezi\Climate\SoilMoisture\10to40\10_40Clip\10to40.gdb\tavg_1610_WMA
193,Simangani,4,5,0.05,1436,2594,1158,2138.8,533.4106861,10694,5,1436,1436,2545,2594,1610,16,10,C:\Users\kem99059\Desktop\Zambezi\Climate\SoilMoisture\10to40\10_40Clip\10to40.gdb\tavg_1610_WMA
194,Unknown 16,5,1,0.01,1537,1537,0,1537,0,1537,1,1537,1537,1537,1537,1610,16,10,C:\Users\kem99059\Desktop\Zambezi\Climate\SoilMoisture\10to40\10_40Clip\10to40.gdb\tavg_1610_WMA
195,Chidobe,6,1,0.01,1593,1593,0,1593,0,1593,1,1593,1593,1593,1593,1610,16,10,C:\Users\kem99059\Desktop\Zambezi\Climate\SoilMoisture\10to40\10_40Clip\10to40.gdb\tavg_1610_WMA
196,Jambezi,7,2,0.02,1629,1660,31,1644.5,15.5,3289,2,1629,1629,1629,1660,1610,16,10,C:\Users\kem99059\Desktop\Zambezi\Climate\SoilMoisture\10to40\10_40Clip\10to40.gdb\tavg_1610_WMA
197,Kachecheti,8,2,0.02,1615,1645,30,1630,15,3260,2,1615,1615,1615,1645,1610,16,10,C:\Users\kem99059\Desktop\Zambezi\Climate\SoilMoisture\10to40\10_40Clip\10to40.gdb\tavg_1610_WMA
198,Mabale,9,1,0.01,1527,1527,0,1527,0,1527,1,1527,1527,1527,1527,1610,16,10,C:\Users\kem99059\Desktop\Zambezi\Climate\SoilMoisture\10to40\10_40Clip\10to40.gdb\tavg_1610_WMA
199,Nekatambe,1,4,0.04,1583,2730,1147,2141.25,549.519506,8565,4,1583,1583,1602,2730,1611,16,11,C:\Users\kem99059\Desktop\Zambezi\Climate\SoilMoisture\10to40\10_40Clip\10to40.gdb\tavg_1611_WMA
200,Nemananga,2,2,0.02,1590,1737,147,1663.5,73.5,3327,2,1590,1590,1590,1737,1611,16,11,C:\Users\kem99059\Desktop\Zambezi\Climate\SoilMoisture\10to40\10_40Clip\10to40.gdb\tavg_1611_WMA
201,Sidinda,3,6,0.06,1592,2805,1213,2191.333333,538.7465906,13148,6,1592,1592,1703,2805,1611,16,11,C:\Users\kem99059\Desktop\Zambezi\Climate\SoilMoisture\10to40\10_40Clip\10to40.gdb\tavg_1611_WMA
202,Simangani,4,5,0.05,1477,2572,1095,2140.4,510.9820349,10702,5,1477,1477,2533,2572,1611,16,11,C:\Users\kem99059\Desktop\Zambezi\Climate\SoilMoisture\10to40\10_40Clip\10to40.gdb\tavg_1611_WMA
203,Unknown 16,5,1,0.01,1550,1550,0,1550,0,1550,1,1550,1550,1550,1550,1611,16,11,C:\Users\kem99059\Desktop\Zambezi\Climate\SoilMoisture\10to40\10_40Clip\10to40.gdb\tavg_1611_WMA
204,Chidobe,6,1,0.01,1720,1720,0,1720,0,1720,1,1720,1720,1720,1720,1611,16,11,C:\Users\kem99059\Desktop\Zambezi\Climate\SoilMoisture\10to40\10_40Clip\10to40.gdb\tavg_1611_WMA
205,Jambezi,7,2,0.02,1728,1734,6,1731,3,3462,2,1728,1728,1728,1734,1611,16,11,C:\Users\kem99059\Desktop\Zambezi\Climate\SoilMoisture\10to40\10_40Clip\10to40.gdb\tavg_1611_WMA
206,Kachecheti,8,2,0.02,1734,1745,11,1739.5,5.5,3479,2,1734,1734,1734,1745,1611,16,11,C:\Users\kem99059\Desktop\Zambezi\Climate\SoilMoisture\10to40\10_40Clip\10to40.gdb\tavg_1611_WMA
207,Mabale,9,1,0.01,1666,1666,0,1666,0,1666,1,1666,1666,1666,1666,1611,16,11,C:\Users\kem99059\Desktop\Zambezi\Climate\SoilMoisture\10to40\10_40Clip\10to40.gdb\tavg_1611_WMA
208,Nekatambe,1,4,0.04,2448,3260,812,2843.75,382.1899887,11375,4,2448,2448,2477,3260,1612,16,12,C:\Users\kem99059\Desktop\Zambezi\Climate\SoilMoisture\10to40\10_40Clip\10to40.gdb\tavg_1612_WMA
209,Nemananga,2,2,0.02,2671,2679,8,2675,4,5350,2,2671,2671,2671,2679,1612,16,12,C:\Users\kem99059\Desktop\Zambezi\Climate\SoilMoisture\10to40\10_40Clip\10to40.gdb\tavg_1612_WMA
210,Sidinda,3,6,0.06,2552,3309,757,2954.166667,336.1167539,17725,6,2552,2552,2706,3309,1612,16,12,C:\Users\kem99059\Desktop\Zambezi\Climate\SoilMoisture\10to40\10_40Clip\10to40.gdb\tavg_1612_WMA
211,Simangani,4,5,0.05,2450,3126,676,2853,325.4332497,14265,5,2450,2450,3109,3126,1612,16,12,C:\Users\kem99059\Desktop\Zambezi\Climate\SoilMoisture\10to40\10_40Clip\10to40.gdb\tavg_1612_WMA
212,Unknown 16,5,1,0.01,2445,2445,0,2445,0,2445,1,2445,2445,2445,2445,1612,16,12,C:\Users\kem99059\Desktop\Zambezi\Climate\SoilMoisture\10to40\10_40Clip\10to40.gdb\tavg_1612_WMA
213,Chidobe,6,1,0.01,2802,2802,0,2802,0,2802,1,2802,2802,2802,2802,1612,16,12,C:\Users\kem99059\Desktop\Zambezi\Climate\SoilMoisture\10to40\10_40Clip\10to40.gdb\tavg_1612_WMA
214,Jambezi,7,2,0.02,2682,2752,70,2717,35,5434,2,2682,2682,2682,2752,1612,16,12,C:\Users\kem99059\Desktop\Zambezi\Climate\SoilMoisture\10to40\10_40Clip\10to40.gdb\tavg_1612_WMA
215,Kachecheti,8,2,0.02,2727,2793,66,2760,33,5520,2,2727,2727,2727,2793,1612,16,12,C:\Users\kem99059\Desktop\Zambezi\Climate\SoilMoisture\10to40\10_40Clip\10to40.gdb\tavg_1612_WMA
216,Mabale,9,1,0.01,2616,2616,0,2616,0,2616,1,2616,2616,2616,2616,1612,16,12,C:\Users\kem99059\Desktop\Zambezi\Climate\SoilMoisture\10to40\10_40Clip\10to40.gdb\tavg_1612_WMA